# relative_time, cycles_done, cur_item, corpus_count, pending_total, pending_favs, map_size, saved_crashes, saved_hangs, max_depth, execs_per_sec, total_execs, edges_found
64, 0, 0, 54, 54, 1, 0.02%, 0, 0, 2, 85.61, 4620, 1913
69, 0, 0, 55, 55, 1, 0.02%, 0, 0, 2, 110.30, 5214, 1921
74, 0, 0, 55, 55, 1, 0.02%, 0, 0, 2, 105.81, 5688, 1921
80, 0, 0, 60, 60, 1, 0.02%, 0, 0, 2, 113.39, 6249, 1922
85, 0, 0, 60, 60, 1, 0.02%, 0, 0, 2, 99.30, 6749, 1922
90, 0, 0, 62, 62, 1, 0.02%, 0, 0, 2, 146.06, 7185, 1922
95, 0, 0, 79, 78, 0, 0.04%, 0, 0, 2, 33.65, 7409, 3395
100, 0, 0, 95, 94, 0, 0.06%, 0, 0, 2, 36.02, 7586, 5446
105, 0, 0, 113, 112, 0, 0.07%, 0, 0, 2, 39.60, 7767, 5920
110, 0, 0, 132, 131, 0, 0.08%, 0, 0, 2, 43.08, 7960, 6341
116, 0, 0, 152, 151, 0, 0.08%, 0, 0, 2, 45.66, 8173, 6643
121, 0, 0, 180, 179, 0, 0.08%, 0, 0, 2, 52.33, 8430, 6979
126, 0, 0, 199, 198, 0, 0.09%, 0, 0, 2, 47.58, 8631, 7199
131, 0, 0, 213, 212, 0, 0.09%, 0, 0, 2, 40.08, 8784, 7233
136, 0, 0, 232, 231, 0, 0.09%, 0, 0, 2, 44.20, 8996, 7478
141, 0, 0, 253, 252, 0, 0.09%, 0, 0, 2, 47.36, 9212, 7707
146, 0, 0, 277, 276, 0, 0.09%, 0, 0, 2, 63.47, 9424, 7807
151, 0, 0, 301, 300, 0, 0.10%, 0, 0, 2, 56.87, 9659, 8309
157, 0, 0, 324, 323, 0, 0.10%, 0, 0, 2, 52.69, 9901, 8474
162, 0, 0, 339, 338, 0, 0.10%, 0, 0, 2, 48.27, 10076, 8578
167, 0, 0, 362, 361, 0, 0.10%, 0, 0, 2, 48.45, 10315, 8800
173, 0, 0, 377, 376, 0, 0.11%, 0, 0, 2, 43.01, 10496, 8882
178, 0, 0, 394, 393, 0, 0.11%, 0, 0, 2, 58.20, 10676, 8918
183, 0, 0, 421, 420, 0, 0.11%, 0, 0, 2, 55.35, 10935, 9040
188, 0, 0, 446, 445, 0, 0.11%, 0, 0, 2, 54.05, 11163, 9171
193, 0, 0, 475, 474, 0, 0.11%, 0, 0, 2, 56.09, 11449, 9292
199, 0, 0, 493, 492, 0, 0.11%, 0, 0, 2, 46.82, 11659, 9344
204, 0, 0, 510, 509, 0, 0.11%, 0, 0, 2, 45.69, 11847, 9409
209, 0, 0, 536, 535, 0, 0.11%, 0, 0, 2, 51.71, 12104, 9542
214, 0, 0, 563, 562, 0, 0.12%, 0, 0, 2, 53.74, 12377, 9706
220, 0, 0, 584, 583, 0, 0.12%, 0, 0, 2, 50.17, 12588, 9776
225, 0, 0, 606, 605, 0, 0.12%, 0, 0, 2, 48.82, 12805, 9862
230, 0, 0, 634, 633, 0, 0.12%, 0, 0, 2, 53.09, 13066, 9958
235, 0, 0, 661, 660, 0, 0.12%, 0, 0, 2, 55.15, 13334, 10067
240, 0, 0, 683, 682, 0, 0.12%, 0, 0, 2, 51.58, 13553, 10202
245, 0, 0, 707, 706, 0, 0.12%, 0, 0, 2, 49.70, 13792, 10324
250, 0, 0, 723, 722, 0, 0.13%, 0, 0, 2, 44.13, 13971, 10529
256, 0, 0, 742, 741, 0, 0.13%, 0, 0, 2, 43.49, 14165, 10641
261, 0, 0, 759, 758, 0, 0.13%, 0, 0, 2, 8.23, 14336, 10728
266, 0, 0, 792, 791, 0, 0.13%, 0, 0, 2, 62.41, 14653, 10816
272, 0, 0, 817, 816, 0, 0.13%, 0, 0, 2, 11.96, 14901, 10869
277, 0, 0, 828, 827, 0, 0.13%, 0, 0, 2, 17.15, 15019, 10869
282, 0, 581, 830, 829, 559, 0.13%, 0, 0, 2, 116.48, 15155, 10869
287, 0, 384, 830, 828, 558, 0.13%, 0, 0, 2, 6.62, 15342, 10869
293, 0, 384, 830, 828, 558, 0.13%, 0, 0, 2, 7.91, 15453, 10869
298, 0, 384, 830, 828, 558, 0.13%, 0, 0, 2, 1.98, 15544, 10869
303, 0, 802, 830, 826, 556, 0.13%, 0, 0, 2, 71.52, 15841, 10869
308, 0, 13, 830, 825, 555, 0.13%, 0, 0, 2, 72.78, 16201, 10869
313, 0, 808, 831, 825, 554, 0.13%, 0, 0, 3, 134.46, 16486, 10869
318, 0, 549, 831, 824, 553, 0.13%, 0, 0, 3, 111.36, 16822, 10869
323, 0, 338, 831, 822, 551, 0.13%, 0, 0, 3, 89.06, 17255, 10869
329, 0, 692, 832, 821, 550, 0.13%, 0, 0, 3, 10.76, 17791, 10869
335, 0, 586, 833, 821, 549, 0.13%, 0, 0, 3, 90.53, 18207, 10871
340, 0, 449, 833, 820, 549, 0.13%, 0, 0, 3, 124.41, 18599, 10871
345, 0, 103, 833, 819, 548, 0.13%, 0, 0, 3, 54.98, 18919, 10871
350, 0, 780, 833, 817, 546, 0.13%, 0, 0, 3, 30.95, 19335, 10871
355, 0, 77, 834, 817, 545, 0.13%, 0, 0, 3, 87.18, 19798, 10872
360, 0, 159, 834, 816, 544, 0.13%, 0, 0, 3, 27.19, 20084, 10872
365, 0, 415, 834, 815, 543, 0.13%, 0, 0, 3, 59.29, 20430, 10872
370, 0, 764, 834, 813, 541, 0.13%, 0, 0, 3, 94.44, 20931, 10872
376, 0, 760, 837, 814, 540, 0.13%, 0, 0, 3, 10.61, 21309, 10880
381, 0, 496, 837, 813, 539, 0.13%, 0, 0, 3, 11.74, 21691, 10880
386, 0, 296, 837, 811, 537, 0.13%, 0, 0, 3, 100.49, 22192, 10880
391, 0, 119, 837, 810, 536, 0.13%, 0, 0, 3, 127.27, 22649, 10880
396, 0, 410, 837, 808, 534, 0.13%, 0, 0, 3, 110.92, 23226, 10880
401, 0, 752, 837, 807, 533, 0.13%, 0, 0, 3, 36.13, 23456, 10880
407, 0, 157, 837, 806, 532, 0.13%, 0, 0, 3, 40.05, 23680, 10880
412, 0, 231, 838, 806, 531, 0.13%, 0, 0, 3, 62.59, 23915, 10897
417, 0, 231, 838, 806, 531, 0.13%, 0, 0, 3, 48.82, 24135, 10897
422, 0, 663, 839, 805, 529, 0.13%, 0, 0, 3, 89.88, 24629, 10897
427, 0, 688, 839, 803, 527, 0.13%, 0, 0, 3, 102.44, 25144, 10897
432, 0, 777, 839, 801, 525, 0.13%, 0, 0, 3, 16.01, 25548, 10897
438, 0, 409, 839, 800, 524, 0.13%, 0, 0, 3, 107.26, 25974, 10897
443, 0, 543, 839, 798, 522, 0.13%, 0, 0, 3, 98.14, 26456, 10897
448, 0, 525, 839, 797, 521, 0.13%, 0, 0, 3, 127.06, 26899, 10897
453, 0, 356, 839, 795, 519, 0.13%, 0, 0, 3, 114.77, 27452, 10897
458, 0, 727, 839, 793, 517, 0.13%, 0, 0, 3, 90.67, 27791, 10897
463, 0, 292, 839, 791, 515, 0.13%, 0, 0, 3, 111.11, 28335, 10897
468, 0, 292, 839, 791, 515, 0.13%, 0, 0, 3, 32.10, 28559, 10897
473, 0, 587, 839, 789, 513, 0.13%, 0, 0, 3, 84.40, 29009, 10897
479, 0, 645, 840, 789, 512, 0.13%, 0, 0, 3, 81.34, 29401, 10897
484, 0, 346, 842, 789, 510, 0.13%, 0, 0, 3, 11.26, 29756, 10897
489, 0, 738, 842, 788, 509, 0.13%, 0, 0, 3, 67.43, 30086, 10897
494, 0, 320, 842, 787, 508, 0.13%, 0, 0, 3, 94.56, 30549, 10897
499, 0, 554, 842, 785, 506, 0.13%, 0, 0, 3, 91.12, 31016, 10897
505, 0, 93, 842, 783, 504, 0.13%, 0, 0, 3, 18.49, 31467, 10897
510, 0, 93, 842, 783, 504, 0.13%, 0, 0, 3, 39.95, 31677, 10897
515, 0, 369, 842, 781, 502, 0.13%, 0, 0, 3, 86.74, 32142, 10897
520, 0, 348, 842, 779, 500, 0.13%, 0, 0, 3, 90.50, 32582, 10897
525, 0, 630, 842, 777, 498, 0.13%, 0, 0, 3, 103.61, 33149, 10897
530, 0, 652, 842, 775, 496, 0.13%, 0, 0, 3, 86.50, 33568, 10897
535, 0, 521, 843, 775, 495, 0.13%, 0, 0, 3, 92.68, 33981, 10898
540, 0, 424, 843, 773, 493, 0.13%, 0, 0, 3, 109.49, 34508, 10898
545, 0, 506, 843, 771, 491, 0.13%, 0, 0, 3, 105.58, 35012, 10898
551, 0, 175, 843, 770, 490, 0.13%, 0, 0, 3, 118.94, 35431, 10898
556, 0, 186, 843, 769, 489, 0.13%, 0, 0, 3, 37.77, 35656, 10898
561, 0, 754, 844, 769, 488, 0.13%, 0, 0, 3, 74.95, 35897, 10898
566, 0, 436, 844, 767, 486, 0.13%, 0, 0, 3, 94.33, 36381, 10898
571, 0, 685, 844, 765, 484, 0.13%, 0, 0, 3, 97.38, 36904, 10898
576, 0, 327, 845, 765, 483, 0.13%, 0, 0, 3, 92.98, 37357, 10899
581, 0, 463, 845, 764, 483, 0.13%, 0, 0, 3, 140.00, 37714, 10899
586, 0, 623, 846, 763, 481, 0.13%, 0, 0, 3, 120.47, 38286, 10901
591, 0, 446, 846, 762, 481, 0.13%, 0, 0, 3, 20.34, 38585, 10901
597, 0, 765, 846, 760, 479, 0.13%, 0, 0, 3, 77.53, 39058, 10901
602, 0, 556, 847, 759, 477, 0.13%, 0, 0, 3, 89.35, 39529, 10901
607, 0, 70, 848, 759, 476, 0.13%, 0, 0, 3, 92.41, 40022, 10902
612, 0, 614, 849, 759, 476, 0.13%, 0, 0, 3, 95.17, 40315, 10904
617, 0, 307, 849, 758, 476, 0.13%, 0, 0, 3, 107.33, 40640, 10904
622, 0, 493, 849, 756, 474, 0.13%, 0, 0, 3, 119.94, 40999, 10904
627, 0, 845, 849, 755, 473, 0.13%, 0, 0, 3, 99.64, 41455, 10904
632, 0, 576, 850, 755, 472, 0.13%, 0, 0, 3, 78.48, 41819, 10904
637, 0, 84, 851, 754, 470, 0.13%, 0, 0, 3, 117.58, 42185, 10904
642, 0, 84, 853, 756, 470, 0.13%, 0, 0, 3, 102.18, 42618, 10927
647, 0, 689, 853, 754, 469, 0.13%, 0, 0, 3, 105.57, 42959, 10927
652, 0, 796, 854, 754, 468, 0.13%, 0, 0, 3, 93.74, 43368, 10927
658, 0, 345, 854, 752, 466, 0.13%, 0, 0, 3, 117.87, 43770, 10927
663, 0, 170, 854, 751, 465, 0.13%, 0, 0, 3, 103.68, 44258, 10927
668, 0, 281, 854, 750, 464, 0.13%, 0, 0, 3, 58.26, 44465, 10927
673, 0, 664, 854, 749, 463, 0.13%, 0, 0, 3, 113.79, 44710, 10927
678, 0, 158, 854, 747, 461, 0.13%, 0, 0, 3, 100.09, 45189, 10927
683, 0, 158, 855, 748, 461, 0.13%, 0, 0, 3, 21.12, 45336, 10929
688, 0, 158, 856, 749, 461, 0.13%, 0, 0, 3, 32.28, 45522, 10931
693, 0, 330, 857, 748, 459, 0.13%, 0, 0, 3, 81.16, 45948, 10931
699, 0, 197, 858, 748, 458, 0.13%, 0, 0, 3, 92.94, 46453, 10931
704, 0, 270, 858, 746, 456, 0.13%, 0, 0, 3, 107.98, 46840, 10931
709, 0, 432, 858, 745, 455, 0.13%, 0, 0, 3, 98.61, 47292, 10931
714, 0, 251, 858, 743, 453, 0.13%, 0, 0, 3, 111.47, 47845, 10931
719, 0, 533, 858, 741, 451, 0.13%, 0, 0, 3, 91.19, 48286, 10931
724, 0, 640, 858, 739, 449, 0.13%, 0, 0, 3, 102.00, 48798, 10931
729, 0, 264, 858, 737, 447, 0.13%, 0, 0, 3, 99.49, 49261, 10931
734, 0, 520, 858, 736, 446, 0.13%, 0, 0, 3, 87.00, 49692, 10931
739, 0, 145, 858, 734, 444, 0.13%, 0, 0, 3, 117.47, 50189, 10931
745, 0, 319, 858, 733, 443, 0.13%, 0, 0, 3, 93.11, 50607, 10931
750, 0, 99, 859, 732, 441, 0.13%, 0, 0, 3, 94.15, 51111, 10932
755, 0, 508, 860, 732, 441, 0.13%, 0, 0, 3, 113.68, 51411, 10933
760, 0, 164, 860, 731, 440, 0.13%, 0, 0, 3, 63.42, 51663, 10933
765, 0, 651, 860, 730, 439, 0.13%, 0, 0, 3, 117.32, 51876, 10933
770, 0, 431, 860, 729, 438, 0.13%, 0, 0, 3, 129.01, 52299, 10933
775, 0, 836, 860, 727, 436, 0.13%, 0, 0, 3, 95.43, 52762, 10933
780, 0, 165, 860, 726, 435, 0.13%, 0, 0, 3, 75.23, 52983, 10933
786, 0, 683, 860, 725, 434, 0.13%, 0, 0, 3, 3.98, 53167, 10933
791, 0, 793, 860, 724, 433, 0.13%, 0, 0, 3, 88.09, 53618, 10933
796, 0, 442, 860, 722, 431, 0.13%, 0, 0, 3, 83.09, 54048, 10933
801, 0, 280, 861, 721, 429, 0.13%, 0, 0, 3, 126.17, 54517, 10933
806, 0, 675, 861, 720, 428, 0.13%, 0, 0, 3, 93.26, 54927, 10933
811, 0, 509, 861, 718, 426, 0.13%, 0, 0, 3, 9.78, 55386, 10933
816, 0, 773, 861, 716, 424, 0.13%, 0, 0, 3, 104.70, 55840, 10933
821, 0, 626, 861, 714, 422, 0.13%, 0, 0, 3, 113.01, 56361, 10933
827, 0, 400, 861, 713, 421, 0.13%, 0, 0, 3, 96.80, 56820, 10933
832, 0, 260, 861, 711, 419, 0.13%, 0, 0, 3, 75.88, 57226, 10933
837, 0, 357, 861, 710, 418, 0.13%, 0, 0, 3, 90.04, 57658, 10933
842, 0, 78, 861, 708, 416, 0.13%, 0, 0, 3, 82.14, 58178, 10933
848, 0, 346, 862, 707, 415, 0.13%, 0, 0, 3, 12.07, 58652, 10934
853, 0, 579, 862, 707, 415, 0.13%, 0, 0, 3, 118.71, 59196, 10934
858, 0, 381, 862, 704, 412, 0.13%, 0, 0, 3, 113.39, 59772, 10934
863, 0, 161, 863, 704, 412, 0.13%, 0, 0, 3, 96.51, 60085, 10936
868, 0, 104, 864, 704, 411, 0.13%, 0, 0, 3, 126.79, 60420, 10936
873, 0, 746, 864, 703, 410, 0.13%, 0, 0, 3, 120.25, 60746, 10936
878, 0, 798, 864, 702, 409, 0.13%, 0, 0, 3, 91.30, 61128, 10936
883, 0, 584, 864, 700, 407, 0.13%, 0, 0, 3, 90.64, 61586, 10936
888, 0, 627, 864, 698, 405, 0.13%, 0, 0, 3, 92.14, 62059, 10936
894, 0, 358, 864, 696, 403, 0.13%, 0, 0, 3, 107.43, 62635, 10936
899, 0, 582, 864, 694, 401, 0.13%, 0, 0, 3, 98.00, 63111, 10936
904, 0, 413, 864, 693, 400, 0.13%, 0, 0, 3, 94.49, 63560, 10936
909, 0, 305, 864, 691, 398, 0.13%, 0, 0, 3, 117.64, 64117, 10936
914, 0, 255, 865, 690, 396, 0.13%, 0, 0, 3, 102.08, 64550, 10936
919, 0, 255, 867, 692, 396, 0.13%, 0, 0, 3, 95.29, 64999, 10993
924, 0, 669, 868, 692, 397, 0.13%, 0, 0, 3, 63.71, 65302, 10995
929, 0, 223, 868, 691, 396, 0.13%, 0, 0, 3, 26.76, 65656, 10995
934, 0, 561, 868, 688, 393, 0.13%, 0, 0, 3, 71.59, 66058, 10995
940, 0, 670, 868, 686, 391, 0.13%, 0, 0, 3, 102.30, 66621, 10995
945, 0, 324, 868, 685, 390, 0.13%, 0, 0, 3, 7.82, 66778, 10995
950, 0, 324, 868, 685, 390, 0.13%, 0, 0, 3, 23.66, 66849, 10995
956, 0, 324, 868, 685, 390, 0.13%, 0, 0, 3, 10.13, 66919, 10995
961, 0, 273, 868, 684, 389, 0.13%, 0, 0, 3, 88.99, 67094, 10995
966, 0, 284, 868, 683, 388, 0.13%, 0, 0, 3, 129.35, 67276, 10995
971, 0, 284, 871, 686, 388, 0.13%, 0, 0, 3, 111.49, 67767, 10996
976, 0, 831, 871, 685, 387, 0.13%, 0, 0, 3, 19.92, 68091, 10996
981, 0, 216, 872, 685, 386, 0.13%, 0, 0, 3, 106.47, 68579, 10996
987, 0, 302, 872, 684, 385, 0.13%, 0, 0, 3, 91.95, 68882, 10996
992, 0, 444, 872, 682, 383, 0.13%, 0, 0, 3, 93.08, 69322, 10996
997, 0, 178, 874, 683, 382, 0.13%, 0, 0, 3, 93.14, 69752, 10996
1002, 0, 168, 874, 681, 381, 0.13%, 0, 0, 3, 130.00, 70118, 10996
1007, 0, 380, 875, 681, 380, 0.13%, 0, 0, 3, 76.41, 70470, 10996
1012, 0, 766, 875, 680, 379, 0.13%, 0, 0, 3, 80.02, 70890, 10996
1018, 0, 606, 876, 679, 377, 0.13%, 0, 0, 3, 9.17, 71242, 11000
1023, 0, 454, 876, 678, 376, 0.13%, 0, 0, 3, 106.70, 71740, 11000
1028, 0, 693, 876, 676, 374, 0.13%, 0, 0, 3, 136.19, 72193, 11000
1033, 0, 875, 876, 674, 372, 0.13%, 0, 0, 3, 106.90, 72649, 11000
1038, 0, 160, 876, 673, 371, 0.13%, 0, 0, 3, 131.02, 73070, 11000
1043, 0, 567, 877, 672, 369, 0.13%, 0, 0, 3, 100.61, 73472, 11003
1049, 0, 868, 878, 672, 368, 0.13%, 0, 0, 3, 97.17, 73969, 11003
1054, 0, 565, 880, 673, 367, 0.13%, 0, 0, 3, 99.84, 74258, 11012
1059, 0, 759, 880, 672, 369, 0.13%, 0, 0, 3, 92.65, 74558, 11012
1064, 0, 173, 880, 670, 367, 0.13%, 0, 0, 3, 103.85, 74892, 11012
1069, 0, 182, 880, 669, 366, 0.13%, 0, 0, 3, 120.21, 75315, 11012
1074, 0, 866, 885, 673, 365, 0.13%, 0, 0, 3, 105.08, 75739, 11043
1079, 0, 866, 887, 675, 365, 0.13%, 0, 0, 3, 110.09, 76287, 11049
1084, 0, 866, 889, 677, 365, 0.13%, 0, 0, 3, 111.52, 76806, 11057
1089, 0, 866, 890, 678, 365, 0.13%, 0, 0, 3, 110.81, 77349, 11061
1095, 0, 866, 890, 678, 365, 0.13%, 0, 0, 3, 106.87, 77897, 11061
1100, 0, 866, 891, 679, 365, 0.13%, 0, 0, 3, 98.93, 78347, 11062
1105, 0, 866, 891, 679, 365, 0.13%, 0, 0, 3, 136.72, 78823, 11062
1110, 0, 866, 891, 679, 365, 0.13%, 0, 0, 3, 106.32, 79295, 11062
1115, 0, 866, 892, 680, 365, 0.13%, 0, 0, 3, 106.50, 79816, 11065
1120, 0, 866, 893, 681, 365, 0.13%, 0, 0, 3, 109.49, 80316, 11087
1125, 0, 866, 893, 681, 365, 0.13%, 0, 0, 3, 108.58, 80846, 11087
1130, 0, 866, 894, 682, 365, 0.13%, 0, 0, 3, 107.34, 81387, 11092
1135, 0, 866, 894, 682, 365, 0.13%, 0, 0, 3, 104.31, 81915, 11092
1140, 0, 721, 895, 682, 372, 0.13%, 0, 0, 3, 119.55, 82308, 11135
1146, 0, 563, 897, 683, 371, 0.13%, 0, 0, 3, 91.31, 82691, 11137
1151, 0, 879, 897, 681, 369, 0.13%, 0, 0, 3, 137.03, 83173, 11137
1156, 0, 471, 897, 680, 368, 0.13%, 0, 0, 3, 137.39, 83640, 11137
1161, 0, 485, 897, 678, 366, 0.13%, 0, 0, 3, 64.92, 83955, 11137
1166, 0, 666, 898, 678, 365, 0.13%, 0, 0, 3, 91.54, 84421, 11139
1171, 0, 342, 900, 679, 365, 0.13%, 0, 0, 3, 106.39, 84741, 11144
1176, 0, 809, 900, 678, 366, 0.13%, 0, 0, 3, 107.28, 85023, 11144
1182, 0, 622, 900, 676, 364, 0.13%, 0, 0, 3, 138.97, 85411, 11144
1187, 0, 848, 900, 674, 362, 0.13%, 0, 0, 3, 136.64, 85872, 11144
1192, 0, 634, 900, 673, 361, 0.13%, 0, 0, 3, 85.96, 86240, 11144
1197, 0, 276, 900, 671, 359, 0.13%, 0, 0, 3, 17.73, 86666, 11144
1202, 0, 453, 901, 671, 359, 0.13%, 0, 0, 3, 128.46, 87068, 11146
1208, 0, 507, 901, 670, 358, 0.13%, 0, 0, 3, 10.15, 87433, 11146
1213, 0, 790, 901, 668, 356, 0.13%, 0, 0, 3, 92.56, 87920, 11146
1218, 0, 163, 901, 666, 354, 0.13%, 0, 0, 3, 19.71, 88361, 11146
1223, 0, 562, 901, 665, 353, 0.13%, 0, 0, 3, 60.65, 88688, 11146
1228, 0, 805, 901, 663, 351, 0.13%, 0, 0, 3, 84.15, 89126, 11146
1233, 0, 129, 901, 662, 350, 0.13%, 0, 0, 3, 100.49, 89622, 11146
1238, 0, 815, 901, 660, 348, 0.13%, 0, 0, 3, 97.17, 89962, 11146
1243, 0, 306, 901, 658, 346, 0.13%, 0, 0, 3, 136.97, 90558, 11146
1248, 0, 536, 902, 657, 344, 0.13%, 0, 0, 3, 111.35, 91031, 11146
1254, 0, 53, 902, 656, 343, 0.13%, 0, 0, 3, 70.11, 91419, 11146
1259, 0, 269, 902, 654, 341, 0.13%, 0, 0, 3, 19.85, 91811, 11146
1264, 0, 419, 902, 653, 340, 0.13%, 0, 0, 3, 53.61, 92086, 11146
1269, 0, 333, 902, 652, 339, 0.13%, 0, 0, 3, 87.36, 92552, 11146
1274, 0, 528, 902, 650, 337, 0.13%, 0, 0, 3, 68.21, 93008, 11146
1279, 0, 583, 902, 648, 335, 0.13%, 0, 0, 3, 117.32, 93401, 11146
1284, 0, 214, 903, 648, 334, 0.13%, 0, 0, 3, 127.06, 93868, 11148
1289, 0, 534, 903, 646, 333, 0.13%, 0, 0, 3, 92.01, 94280, 11148
1294, 0, 770, 903, 644, 331, 0.13%, 0, 0, 3, 87.89, 94729, 11148
1300, 0, 702, 903, 643, 330, 0.13%, 0, 0, 3, 129.64, 95218, 11148
1305, 0, 283, 903, 642, 329, 0.13%, 0, 0, 3, 98.14, 95668, 11148
1310, 0, 621, 903, 641, 328, 0.13%, 0, 0, 3, 59.19, 96067, 11148
1315, 0, 902, 903, 640, 327, 0.13%, 0, 0, 3, 117.86, 96504, 11148
1320, 0, 414, 903, 638, 325, 0.13%, 0, 0, 3, 121.40, 96956, 11148
1325, 0, 79, 903, 636, 323, 0.13%, 0, 0, 3, 115.60, 97438, 11148
1331, 0, 187, 903, 635, 322, 0.13%, 0, 0, 3, 48.30, 97694, 11148
1336, 0, 69, 904, 635, 322, 0.13%, 0, 0, 3, 9.41, 97964, 11153
1341, 0, 803, 904, 634, 321, 0.13%, 0, 0, 3, 109.54, 98406, 11153
1346, 0, 551, 904, 632, 319, 0.13%, 0, 0, 3, 102.56, 98922, 11153
1351, 0, 445, 904, 630, 317, 0.13%, 0, 0, 3, 104.43, 99415, 11153
1356, 0, 537, 904, 629, 316, 0.13%, 0, 0, 3, 95.65, 99849, 11153
1361, 0, 748, 904, 627, 314, 0.13%, 0, 0, 3, 98.07, 100320, 11153
1366, 0, 700, 904, 625, 312, 0.13%, 0, 0, 3, 96.50, 100810, 11153
1372, 0, 779, 904, 624, 311, 0.13%, 0, 0, 3, 69.12, 101183, 11153
1377, 0, 368, 905, 624, 310, 0.13%, 0, 0, 3, 83.00, 101588, 11160
1382, 0, 395, 905, 622, 308, 0.13%, 0, 0, 3, 126.62, 101889, 11160
1387, 0, 659, 905, 621, 307, 0.13%, 0, 0, 3, 138.88, 102288, 11160
1392, 0, 403, 905, 619, 305, 0.13%, 0, 0, 3, 95.82, 102706, 11160
1397, 0, 416, 905, 618, 304, 0.13%, 0, 0, 3, 74.93, 103167, 11160
1402, 0, 226, 905, 616, 302, 0.13%, 0, 0, 3, 103.89, 103739, 11160
1408, 0, 886, 905, 614, 300, 0.13%, 0, 0, 3, 104.55, 104252, 11160
1413, 0, 363, 905, 612, 298, 0.13%, 0, 0, 3, 104.50, 104734, 11160
1418, 0, 390, 905, 610, 296, 0.13%, 0, 0, 3, 106.03, 105252, 11160
1423, 0, 267, 906, 609, 294, 0.13%, 0, 0, 3, 108.11, 105794, 11162
1428, 0, 774, 906, 608, 294, 0.13%, 0, 0, 3, 26.24, 106085, 11162
1433, 0, 193, 906, 607, 293, 0.13%, 0, 0, 3, 103.97, 106484, 11162
1438, 0, 276, 906, 605, 291, 0.13%, 0, 0, 3, 104.29, 106968, 11162
1443, 0, 276, 906, 605, 291, 0.13%, 0, 0, 3, 18.01, 107308, 11162
1448, 0, 542, 906, 605, 291, 0.13%, 0, 0, 3, 120.37, 107853, 11162
1453, 0, 359, 906, 604, 290, 0.13%, 0, 0, 3, 109.96, 108410, 11162
1458, 0, 328, 906, 604, 290, 0.13%, 0, 0, 3, 76.27, 108921, 11162
1464, 0, 503, 906, 602, 288, 0.13%, 0, 0, 3, 103.77, 109384, 11162
1469, 0, 695, 906, 600, 286, 0.13%, 0, 0, 3, 98.14, 109883, 11162
1474, 0, 708, 906, 598, 284, 0.13%, 0, 0, 3, 26.39, 110375, 11162
1479, 0, 212, 908, 599, 283, 0.13%, 0, 0, 3, 103.07, 110800, 11162
1484, 0, 885, 909, 599, 284, 0.13%, 0, 0, 3, 103.41, 111122, 11163
1490, 0, 458, 910, 598, 282, 0.13%, 0, 0, 3, 0.79, 111497, 11163
1495, 0, 687, 910, 597, 281, 0.13%, 0, 0, 3, 103.50, 112028, 11163
1500, 0, 334, 910, 596, 280, 0.13%, 0, 0, 3, 7.55, 112324, 11163
1505, 0, 208, 910, 594, 278, 0.13%, 0, 0, 3, 131.29, 112802, 11163
1510, 0, 625, 910, 592, 276, 0.13%, 0, 0, 3, 128.11, 113286, 11163
1515, 0, 411, 910, 591, 275, 0.13%, 0, 0, 3, 75.53, 113709, 11163
1520, 0, 853, 910, 589, 273, 0.13%, 0, 0, 3, 114.41, 114253, 11163
1526, 0, 889, 910, 587, 271, 0.13%, 0, 0, 3, 101.61, 114739, 11163
1531, 0, 274, 910, 585, 269, 0.13%, 0, 0, 3, 108.94, 115313, 11163
1536, 0, 107, 910, 583, 267, 0.13%, 0, 0, 3, 103.95, 115813, 11163
1541, 0, 647, 910, 580, 264, 0.13%, 0, 0, 3, 113.35, 116389, 11163
1546, 0, 893, 910, 578, 262, 0.13%, 0, 0, 3, 32.15, 116871, 11163
1552, 0, 181, 910, 577, 261, 0.13%, 0, 0, 3, 9.88, 117299, 11163
1557, 0, 167, 910, 575, 259, 0.13%, 0, 0, 3, 11.36, 117677, 11163
1562, 0, 167, 911, 576, 259, 0.13%, 0, 0, 3, 51.91, 117919, 11163
1567, 0, 172, 911, 574, 257, 0.13%, 0, 0, 3, 70.22, 118295, 11163
1572, 0, 347, 911, 573, 256, 0.13%, 0, 0, 3, 83.91, 118741, 11163
1577, 0, 814, 911, 571, 254, 0.13%, 0, 0, 3, 126.17, 119184, 11163
1582, 0, 100, 911, 569, 252, 0.13%, 0, 0, 3, 129.13, 119628, 11163
1587, 0, 274, 912, 568, 250, 0.13%, 0, 0, 3, 100.37, 120092, 11164
1592, 0, 274, 913, 569, 250, 0.13%, 0, 0, 3, 99.84, 120614, 11166
1597, 0, 274, 913, 569, 250, 0.13%, 0, 0, 3, 128.19, 121028, 11166
1603, 0, 624, 913, 568, 250, 0.13%, 0, 0, 3, 13.10, 121337, 11166
1608, 0, 898, 913, 567, 249, 0.13%, 0, 0, 3, 109.33, 121761, 11166
1613, 0, 247, 913, 566, 248, 0.13%, 0, 0, 3, 14.55, 121996, 11166
1618, 0, 662, 913, 565, 247, 0.13%, 0, 0, 3, 59.45, 122295, 11166
1623, 0, 154, 914, 565, 246, 0.13%, 0, 0, 3, 93.84, 122810, 11166
1628, 0, 154, 914, 565, 246, 0.13%, 0, 0, 3, 118.26, 123220, 11166
1633, 0, 224, 915, 565, 245, 0.13%, 0, 0, 3, 95.17, 123643, 11166
1639, 0, 762, 915, 563, 243, 0.13%, 0, 0, 3, 132.56, 124084, 11166
1644, 0, 288, 915, 562, 242, 0.13%, 0, 0, 3, 117.09, 124533, 11166
1649, 0, 609, 915, 560, 240, 0.13%, 0, 0, 3, 10.87, 125008, 11166
1654, 0, 594, 915, 558, 238, 0.13%, 0, 0, 3, 108.44, 125597, 11166
1659, 0, 633, 915, 556, 236, 0.13%, 0, 0, 3, 95.08, 126089, 11166
1664, 0, 888, 915, 554, 234, 0.13%, 0, 0, 3, 91.86, 126528, 11166
1669, 0, 560, 915, 553, 233, 0.13%, 0, 0, 3, 96.38, 127000, 11166
1674, 0, 91, 915, 552, 232, 0.13%, 0, 0, 3, 19.43, 127275, 11166
1679, 0, 191, 916, 552, 231, 0.13%, 0, 0, 3, 62.09, 127666, 11166
1685, 0, 318, 917, 551, 229, 0.13%, 0, 0, 3, 115.86, 128156, 11175
1690, 0, 438, 917, 550, 229, 0.13%, 0, 0, 3, 66.32, 128414, 11175
1695, 0, 429, 917, 548, 227, 0.13%, 0, 0, 3, 88.10, 128911, 11175
1700, 0, 575, 917, 547, 226, 0.13%, 0, 0, 3, 69.36, 129265, 11175
1705, 0, 130, 917, 545, 224, 0.13%, 0, 0, 3, 94.26, 129718, 11175
1710, 0, 517, 917, 544, 223, 0.13%, 0, 0, 3, 89.54, 130133, 11175
1715, 0, 65, 917, 542, 221, 0.13%, 0, 0, 3, 10.10, 130554, 11175
1720, 0, 366, 919, 542, 219, 0.13%, 0, 0, 3, 123.88, 131146, 11181
1725, 0, 676, 919, 541, 219, 0.13%, 0, 0, 3, 107.82, 131522, 11181
1731, 0, 166, 919, 540, 218, 0.13%, 0, 0, 3, 54.22, 131769, 11181
1736, 0, 124, 919, 539, 217, 0.13%, 0, 0, 3, 48.69, 131995, 11181
1742, 0, 589, 919, 537, 215, 0.13%, 0, 0, 3, 9.47, 132513, 11181
1747, 0, 696, 920, 537, 215, 0.13%, 0, 0, 3, 12.22, 132815, 11183
1752, 0, 498, 920, 536, 214, 0.13%, 0, 0, 3, 97.16, 133313, 11183
1757, 0, 486, 920, 534, 212, 0.13%, 0, 0, 3, 64.91, 133766, 11183
1762, 0, 769, 920, 532, 210, 0.13%, 0, 0, 3, 96.91, 134277, 11183
1767, 0, 232, 920, 531, 209, 0.13%, 0, 0, 3, 32.30, 134587, 11183
1772, 0, 712, 920, 529, 207, 0.13%, 0, 0, 3, 84.49, 135039, 11183
1778, 0, 399, 920, 528, 206, 0.13%, 0, 0, 3, 121.66, 135473, 11183
1783, 0, 189, 920, 526, 204, 0.13%, 0, 0, 3, 48.00, 135760, 11183
1788, 0, 189, 929, 535, 204, 0.14%, 0, 0, 3, 52.36, 136008, 11676
1793, 0, 189, 932, 538, 204, 0.14%, 0, 0, 3, 84.24, 136486, 11684
1798, 0, 189, 935, 541, 204, 0.14%, 0, 0, 3, 88.66, 136890, 11688
1804, 0, 189, 937, 543, 204, 0.14%, 0, 0, 3, 95.97, 137287, 11692
1809, 0, 189, 938, 544, 204, 0.14%, 0, 0, 3, 112.14, 137830, 11693
1814, 0, 189, 939, 545, 204, 0.14%, 0, 0, 3, 109.59, 138328, 11696
1819, 0, 189, 941, 547, 204, 0.14%, 0, 0, 3, 129.35, 138805, 11697
1824, 0, 189, 941, 547, 204, 0.14%, 0, 0, 3, 125.40, 139397, 11697
1829, 0, 189, 941, 547, 204, 0.14%, 0, 0, 3, 120.75, 139987, 11697
1834, 0, 189, 941, 547, 204, 0.14%, 0, 0, 3, 119.03, 140605, 11697
1840, 0, 392, 941, 546, 208, 0.14%, 0, 0, 3, 11.03, 141035, 11697
1845, 0, 655, 942, 546, 207, 0.14%, 0, 0, 3, 115.88, 141548, 11697
1850, 0, 152, 942, 545, 206, 0.14%, 0, 0, 3, 126.40, 141936, 11697
1855, 0, 317, 942, 544, 205, 0.14%, 0, 0, 3, 53.40, 142330, 11697
1860, 0, 698, 942, 543, 204, 0.14%, 0, 0, 3, 116.17, 142706, 11697
1865, 0, 783, 942, 542, 203, 0.14%, 0, 0, 3, 87.35, 143136, 11697
1870, 0, 941, 943, 542, 203, 0.14%, 0, 0, 3, 88.17, 143513, 11713
1875, 0, 628, 943, 541, 202, 0.14%, 0, 0, 3, 89.08, 143959, 11713
1880, 0, 882, 947, 544, 201, 0.14%, 0, 0, 4, 87.42, 144403, 11713
1885, 0, 882, 947, 544, 201, 0.14%, 0, 0, 4, 96.77, 144924, 11713
1890, 0, 882, 947, 544, 201, 0.14%, 0, 0, 4, 105.88, 145437, 11713
1896, 0, 309, 947, 542, 200, 0.14%, 0, 0, 4, 92.13, 145814, 11713
1901, 0, 244, 947, 541, 199, 0.14%, 0, 0, 4, 135.68, 146178, 11713
1906, 0, 527, 947, 539, 197, 0.14%, 0, 0, 4, 21.15, 146641, 11713
1911, 0, 548, 947, 538, 196, 0.14%, 0, 0, 4, 69.70, 147063, 11713
1916, 0, 725, 948, 537, 195, 0.14%, 0, 0, 4, 13.53, 147470, 11716
1921, 0, 425, 948, 536, 194, 0.14%, 0, 0, 4, 116.75, 147984, 11716
1926, 0, 768, 948, 534, 192, 0.14%, 0, 0, 4, 106.16, 148438, 11716
1931, 0, 912, 948, 532, 190, 0.14%, 0, 0, 4, 102.55, 148931, 11716
1936, 0, 649, 948, 531, 189, 0.14%, 0, 0, 4, 106.28, 149427, 11716
1942, 0, 441, 948, 529, 187, 0.14%, 0, 0, 4, 99.53, 149911, 11716
1947, 0, 902, 948, 528, 186, 0.14%, 0, 0, 4, 96.76, 150363, 11716
1952, 0, 920, 949, 529, 187, 0.14%, 0, 0, 4, 8.86, 150810, 11718
1957, 0, 919, 949, 528, 186, 0.14%, 0, 0, 4, 120.22, 151386, 11718
1963, 0, 242, 949, 526, 184, 0.14%, 0, 0, 4, 99.23, 151861, 11718
1968, 0, 503, 951, 526, 182, 0.14%, 0, 0, 4, 102.10, 152392, 11718
1973, 0, 99, 951, 526, 182, 0.14%, 0, 0, 4, 97.74, 152883, 11718
1978, 0, 99, 951, 526, 182, 0.14%, 0, 0, 4, 99.19, 153330, 11718
1983, 0, 482, 951, 526, 182, 0.14%, 0, 0, 4, 88.57, 153759, 11718
1988, 0, 639, 951, 524, 180, 0.14%, 0, 0, 4, 92.08, 154227, 11718
1993, 0, 656, 951, 522, 178, 0.14%, 0, 0, 4, 112.93, 154757, 11718
1998, 0, 407, 951, 520, 176, 0.14%, 0, 0, 4, 10.91, 155203, 11718
2004, 0, 566, 951, 518, 174, 0.14%, 0, 0, 4, 133.05, 155740, 11718
2009, 0, 325, 951, 516, 172, 0.14%, 0, 0, 4, 118.34, 156279, 11718
2014, 0, 474, 951, 515, 171, 0.14%, 0, 0, 4, 90.56, 156683, 11718
2019, 0, 602, 951, 513, 169, 0.14%, 0, 0, 4, 105.80, 157236, 11718
2024, 0, 574, 951, 511, 167, 0.14%, 0, 0, 4, 82.72, 157639, 11718
2029, 0, 787, 951, 510, 166, 0.14%, 0, 0, 4, 88.39, 158107, 11718
2034, 0, 383, 951, 508, 164, 0.14%, 0, 0, 4, 87.57, 158553, 11718
2039, 0, 176, 951, 506, 162, 0.14%, 0, 0, 4, 118.74, 159192, 11718
2046, 0, 615, 951, 504, 160, 0.14%, 0, 0, 4, 13.97, 159562, 11718
2051, 0, 612, 951, 503, 159, 0.14%, 0, 0, 4, 3.89, 160011, 11718
2056, 0, 516, 951, 501, 157, 0.14%, 0, 0, 4, 114.19, 160505, 11718
2061, 0, 579, 951, 499, 155, 0.14%, 0, 0, 4, 121.21, 161088, 11718
2066, 0, 579, 951, 499, 155, 0.14%, 0, 0, 4, 17.79, 161522, 11718
2071, 0, 541, 951, 499, 155, 0.14%, 0, 0, 4, 80.42, 161975, 11718
2076, 0, 668, 951, 497, 153, 0.14%, 0, 0, 4, 96.37, 162494, 11718
2082, 0, 813, 951, 494, 150, 0.14%, 0, 0, 4, 110.18, 163093, 11718
2087, 0, 929, 951, 493, 149, 0.14%, 0, 0, 4, 110.37, 163415, 11718
2092, 0, 349, 951, 492, 148, 0.14%, 0, 0, 4, 108.24, 163919, 11718
2097, 0, 604, 952, 491, 147, 0.14%, 0, 0, 4, 119.34, 164385, 11718
2103, 0, 258, 952, 489, 145, 0.14%, 0, 0, 4, 11.64, 164804, 11718
2108, 0, 944, 953, 489, 144, 0.14%, 0, 0, 5, 86.02, 165274, 11720
2114, 0, 355, 953, 488, 144, 0.14%, 0, 0, 5, 8.86, 165702, 11720
2120, 0, 171, 954, 488, 143, 0.14%, 0, 0, 5, 17.57, 166172, 11727
2125, 0, 900, 954, 486, 141, 0.14%, 0, 0, 5, 118.09, 166673, 11727
2130, 0, 285, 954, 485, 140, 0.14%, 0, 0, 5, 29.27, 167037, 11727
2135, 0, 951, 954, 484, 139, 0.14%, 0, 0, 5, 59.17, 167329, 11727
2140, 0, 396, 954, 482, 137, 0.14%, 0, 0, 5, 80.62, 167754, 11727
2145, 0, 948, 954, 481, 136, 0.14%, 0, 0, 5, 86.76, 168221, 11727
2150, 0, 321, 954, 480, 135, 0.14%, 0, 0, 5, 121.37, 168515, 11727
2155, 0, 719, 955, 479, 133, 0.14%, 0, 0, 5, 81.54, 168961, 11777
2160, 0, 897, 956, 479, 133, 0.14%, 0, 0, 5, 16.40, 169262, 11781
2166, 0, 196, 956, 478, 132, 0.14%, 0, 0, 5, 57.28, 169596, 11781
2171, 0, 867, 956, 476, 130, 0.14%, 0, 0, 5, 78.47, 169978, 11781
2176, 0, 103, 956, 475, 129, 0.14%, 0, 0, 5, 101.85, 170544, 11781
2181, 0, 103, 956, 475, 129, 0.14%, 0, 0, 5, 111.28, 171122, 11781
2186, 0, 228, 956, 474, 128, 0.14%, 0, 0, 5, 86.88, 171540, 11781
2191, 0, 952, 956, 473, 127, 0.14%, 0, 0, 5, 67.41, 171826, 11781
2196, 0, 360, 956, 472, 126, 0.14%, 0, 0, 5, 105.40, 172410, 11781
2201, 0, 286, 956, 471, 125, 0.14%, 0, 0, 5, 111.33, 172713, 11781
2206, 0, 340, 956, 469, 123, 0.14%, 0, 0, 5, 95.96, 173186, 11781
2211, 0, 230, 956, 467, 121, 0.14%, 0, 0, 5, 89.56, 173667, 11781
2216, 0, 339, 956, 466, 120, 0.14%, 0, 0, 5, 69.58, 173943, 11781
2222, 0, 260, 957, 466, 119, 0.14%, 0, 0, 5, 84.67, 174399, 11781
2227, 0, 260, 957, 466, 119, 0.14%, 0, 0, 5, 111.25, 175004, 11781
2232, 0, 387, 957, 466, 119, 0.14%, 0, 0, 5, 134.69, 175491, 11781
2237, 0, 259, 957, 466, 119, 0.14%, 0, 0, 5, 119.12, 176010, 11781
2243, 0, 844, 957, 464, 117, 0.14%, 0, 0, 5, 3.01, 176460, 11781
2248, 0, 140, 957, 463, 116, 0.14%, 0, 0, 5, 125.25, 176931, 11781
2253, 0, 478, 958, 463, 115, 0.14%, 0, 0, 5, 115.33, 177286, 11781
2258, 0, 785, 958, 461, 113, 0.14%, 0, 0, 5, 146.34, 177780, 11781
2263, 0, 361, 958, 459, 111, 0.14%, 0, 0, 5, 119.94, 178308, 11781
2268, 0, 235, 959, 458, 109, 0.14%, 0, 0, 5, 91.79, 178764, 11781
2273, 0, 523, 959, 457, 108, 0.14%, 0, 0, 5, 82.40, 179001, 11781
2279, 0, 523, 959, 457, 108, 0.14%, 0, 0, 5, 95.81, 179500, 11781
2284, 0, 426, 959, 456, 107, 0.14%, 0, 0, 5, 98.58, 180008, 11781
2289, 0, 501, 959, 455, 106, 0.14%, 0, 0, 5, 90.60, 180476, 11781
2294, 0, 225, 960, 454, 104, 0.14%, 0, 0, 5, 79.47, 180905, 11784
2299, 0, 225, 960, 454, 104, 0.14%, 0, 0, 5, 56.72, 181142, 11784
2304, 0, 424, 960, 453, 104, 0.14%, 0, 0, 5, 80.46, 181487, 11784
2309, 0, 526, 960, 452, 103, 0.14%, 0, 0, 5, 95.56, 181976, 11784
2314, 0, 92, 960, 451, 102, 0.14%, 0, 0, 5, 123.91, 182400, 11784
2320, 0, 550, 961, 450, 101, 0.14%, 0, 0, 5, 126.10, 182815, 11794
2325, 0, 480, 961, 448, 99, 0.14%, 0, 0, 5, 102.46, 183285, 11794
2330, 0, 524, 961, 447, 98, 0.14%, 0, 0, 5, 89.57, 183728, 11794
2335, 0, 511, 961, 445, 96, 0.14%, 0, 0, 5, 91.82, 184180, 11794
2340, 0, 151, 961, 443, 94, 0.14%, 0, 0, 5, 87.67, 184651, 11794
2345, 0, 776, 961, 442, 93, 0.14%, 0, 0, 5, 0.74, 184822, 11794
2350, 0, 564, 961, 441, 92, 0.14%, 0, 0, 5, 99.45, 185303, 11794
2355, 0, 138, 962, 440, 90, 0.14%, 0, 0, 5, 108.53, 185812, 11795
2360, 0, 234, 962, 439, 89, 0.14%, 0, 0, 5, 27.52, 186103, 11795
2365, 0, 778, 962, 438, 88, 0.14%, 0, 0, 5, 43.10, 186330, 11795
2370, 0, 735, 962, 436, 86, 0.14%, 0, 0, 5, 83.94, 186796, 11795
2376, 0, 705, 963, 436, 85, 0.14%, 0, 0, 5, 137.95, 187346, 11798
2381, 0, 886, 963, 435, 84, 0.14%, 0, 0, 5, 140.04, 187840, 11798
2386, 0, 886, 964, 436, 84, 0.14%, 0, 0, 5, 120.85, 188336, 11800
2391, 0, 102, 964, 436, 85, 0.14%, 0, 0, 5, 106.37, 188655, 11800
2396, 0, 681, 964, 434, 83, 0.14%, 0, 0, 5, 115.85, 189131, 11800
2401, 0, 434, 964, 432, 81, 0.14%, 0, 0, 5, 102.28, 189599, 11800
2406, 0, 947, 964, 431, 80, 0.14%, 0, 0, 5, 86.65, 189986, 11800
2411, 0, 545, 964, 429, 78, 0.14%, 0, 0, 5, 106.85, 190526, 11800
2417, 0, 916, 966, 429, 76, 0.14%, 0, 0, 5, 134.53, 191080, 11800
2422, 0, 730, 967, 429, 76, 0.14%, 0, 0, 5, 130.44, 191429, 11801
2427, 0, 900, 968, 429, 75, 0.14%, 0, 0, 5, 97.02, 191848, 11801
2432, 0, 239, 968, 429, 75, 0.14%, 0, 0, 5, 60.00, 192108, 11801
2437, 0, 69, 969, 429, 74, 0.14%, 0, 0, 5, 95.11, 192589, 11802
2442, 0, 635, 969, 429, 75, 0.14%, 0, 0, 5, 113.12, 192914, 11802
2447, 0, 968, 970, 429, 74, 0.14%, 0, 0, 5, 96.35, 193368, 11805
2452, 0, 547, 970, 428, 74, 0.14%, 0, 0, 5, 76.78, 193747, 11805
2457, 0, 627, 970, 427, 73, 0.14%, 0, 0, 5, 96.58, 194184, 11805
2463, 0, 627, 971, 428, 73, 0.16%, 0, 0, 5, 89.71, 194416, 13243
2468, 0, 249, 971, 428, 74, 0.16%, 0, 0, 5, 88.64, 194789, 13243
2473, 0, 741, 971, 426, 72, 0.16%, 0, 0, 5, 83.94, 195163, 13243
2478, 0, 81, 972, 426, 71, 0.16%, 0, 0, 5, 89.79, 195660, 13246
2483, 0, 970, 974, 427, 71, 0.16%, 0, 0, 5, 34.47, 195839, 13248
2488, 0, 970, 976, 429, 71, 0.16%, 0, 0, 5, 51.99, 196071, 13257
2493, 0, 970, 978, 431, 71, 0.16%, 0, 0, 5, 60.02, 196333, 13259
2498, 0, 970, 980, 433, 71, 0.16%, 0, 0, 5, 54.81, 196574, 13263
2503, 0, 970, 981, 434, 71, 0.16%, 0, 0, 5, 61.93, 196869, 13264
2509, 0, 970, 983, 436, 71, 0.16%, 0, 0, 5, 54.25, 197148, 13266
2514, 0, 970, 983, 436, 71, 0.16%, 0, 0, 5, 37.75, 197486, 13266
2520, 0, 970, 984, 437, 71, 0.16%, 0, 0, 5, 54.90, 197762, 13267
2525, 0, 970, 985, 438, 71, 0.16%, 0, 0, 5, 58.59, 198041, 13267
2530, 0, 970, 986, 439, 71, 0.16%, 0, 0, 5, 61.86, 198368, 13269
2535, 0, 970, 986, 439, 71, 0.16%, 0, 0, 5, 58.03, 198651, 13269
2540, 0, 970, 986, 439, 71, 0.16%, 0, 0, 5, 59.47, 198970, 13269
2546, 0, 970, 987, 440, 71, 0.16%, 0, 0, 5, 54.54, 199225, 13270
2551, 0, 970, 987, 440, 71, 0.16%, 0, 0, 5, 64.35, 199569, 13270
2556, 0, 970, 987, 440, 71, 0.16%, 0, 0, 5, 57.71, 199859, 13270
2561, 0, 970, 987, 440, 71, 0.16%, 0, 0, 5, 61.00, 200179, 13270
2566, 0, 970, 988, 441, 71, 0.16%, 0, 0, 5, 56.64, 200424, 13270
2571, 0, 970, 988, 441, 71, 0.16%, 0, 0, 5, 65.19, 200772, 13270
2577, 0, 970, 988, 441, 71, 0.16%, 0, 0, 5, 68.96, 201110, 13270
2582, 0, 970, 989, 442, 71, 0.16%, 0, 0, 5, 70.46, 201421, 13272
2587, 0, 970, 989, 442, 71, 0.16%, 0, 0, 5, 60.83, 201729, 13272
2592, 0, 970, 990, 443, 71, 0.16%, 0, 0, 5, 55.72, 201977, 13274
2597, 0, 970, 990, 443, 71, 0.16%, 0, 0, 5, 83.50, 202276, 13274
2602, 0, 970, 990, 443, 71, 0.16%, 0, 0, 5, 75.55, 202656, 13274
2607, 0, 238, 990, 442, 74, 0.16%, 0, 0, 5, 71.78, 202862, 13274
2613, 0, 983, 990, 440, 72, 0.16%, 0, 0, 5, 9.93, 203198, 13274
2618, 0, 367, 990, 439, 71, 0.16%, 0, 0, 5, 92.35, 203572, 13274
2623, 0, 959, 990, 438, 70, 0.16%, 0, 0, 5, 72.43, 203902, 13274
2628, 0, 310, 990, 436, 68, 0.16%, 0, 0, 5, 121.02, 204303, 13274
2634, 0, 579, 990, 434, 66, 0.16%, 0, 0, 5, 137.02, 204869, 13274
2639, 0, 979, 990, 434, 66, 0.16%, 0, 0, 5, 115.16, 205422, 13274
2644, 0, 505, 990, 433, 65, 0.16%, 0, 0, 5, 82.27, 205761, 13274
2649, 0, 13, 990, 432, 64, 0.16%, 0, 0, 5, 81.55, 206103, 13274
2654, 0, 13, 990, 432, 64, 0.16%, 0, 0, 5, 89.85, 206486, 13274
2659, 0, 969, 990, 432, 64, 0.16%, 0, 0, 5, 93.93, 206960, 13274
2664, 0, 760, 990, 431, 63, 0.16%, 0, 0, 5, 66.55, 207292, 13274
2671, 0, 353, 990, 430, 62, 0.16%, 0, 0, 5, 8.70, 207713, 13274
2676, 0, 161, 990, 429, 61, 0.16%, 0, 0, 5, 145.15, 208232, 13274
2681, 0, 865, 990, 428, 60, 0.16%, 0, 0, 5, 108.70, 208632, 13274
2686, 0, 977, 990, 427, 59, 0.16%, 0, 0, 5, 72.77, 208970, 13274
2691, 0, 905, 990, 425, 57, 0.16%, 0, 0, 5, 89.45, 209347, 13274
2696, 0, 971, 992, 426, 56, 0.16%, 0, 0, 5, 104.50, 209824, 13280
2701, 0, 673, 993, 426, 57, 0.16%, 0, 0, 5, 85.82, 210159, 13286
2706, 0, 770, 994, 426, 57, 0.16%, 0, 0, 5, 85.97, 210529, 13286
2712, 0, 131, 994, 425, 56, 0.16%, 0, 0, 5, 144.79, 210923, 13286
2717, 0, 703, 994, 425, 56, 0.16%, 0, 0, 5, 83.15, 211352, 13286
2722, 0, 816, 994, 423, 54, 0.16%, 0, 0, 5, 58.23, 211686, 13286
2727, 0, 816, 994, 423, 54, 0.16%, 0, 0, 5, 16.12, 211777, 13286
2732, 0, 444, 994, 422, 53, 0.16%, 0, 0, 5, 117.93, 212047, 13286
2737, 0, 595, 994, 422, 53, 0.16%, 0, 0, 5, 104.82, 212533, 13286
2742, 0, 455, 994, 420, 51, 0.16%, 0, 0, 5, 96.20, 212975, 13286
2747, 0, 384, 994, 419, 50, 0.16%, 0, 0, 5, 3.83, 213190, 13286
2753, 0, 384, 994, 419, 50, 0.16%, 0, 0, 5, 1.97, 213291, 13286
2758, 0, 384, 994, 419, 50, 0.16%, 0, 0, 5, 5.03, 213393, 13286
2763, 0, 384, 994, 419, 50, 0.16%, 0, 0, 5, 13.15, 213501, 13286
2768, 0, 384, 994, 419, 50, 0.16%, 0, 0, 5, 7.02, 213589, 13286
2773, 0, 384, 994, 419, 50, 0.16%, 0, 0, 5, 15.83, 213768, 13286
2779, 0, 384, 994, 419, 50, 0.16%, 0, 0, 5, 18.51, 213872, 13286
2784, 0, 113, 994, 418, 49, 0.16%, 0, 0, 5, 98.50, 214306, 13286
2789, 0, 825, 996, 419, 49, 0.16%, 0, 0, 5, 39.42, 214568, 13288
2794, 0, 343, 996, 418, 49, 0.16%, 0, 0, 5, 22.05, 214943, 13288
2799, 0, 343, 996, 418, 49, 0.16%, 0, 0, 5, 106.61, 215405, 13288
2804, 0, 646, 996, 417, 48, 0.16%, 0, 0, 5, 98.62, 215880, 13288
2809, 0, 820, 996, 416, 47, 0.16%, 0, 0, 5, 66.73, 216171, 13288
2814, 0, 422, 996, 415, 47, 0.16%, 0, 0, 5, 69.15, 216424, 13288
2819, 0, 295, 996, 414, 46, 0.16%, 0, 0, 5, 66.86, 216750, 13288
2824, 0, 295, 996, 414, 46, 0.16%, 0, 0, 5, 92.97, 217195, 13288
2829, 0, 427, 996, 414, 46, 0.16%, 0, 0, 5, 119.17, 217661, 13288
2835, 0, 578, 996, 414, 46, 0.16%, 0, 0, 5, 107.70, 218189, 13288
2840, 0, 331, 996, 412, 44, 0.16%, 0, 0, 5, 108.46, 218745, 13288
2845, 0, 539, 996, 410, 42, 0.16%, 0, 0, 5, 112.03, 219269, 13288
2850, 0, 992, 997, 410, 42, 0.16%, 0, 0, 5, 99.66, 219587, 13293
2855, 0, 157, 997, 409, 41, 0.16%, 0, 0, 5, 71.80, 219754, 13293
2860, 0, 157, 998, 410, 41, 0.16%, 0, 0, 5, 75.41, 219975, 13295
2865, 0, 157, 998, 410, 41, 0.16%, 0, 0, 5, 55.56, 220199, 13295
2870, 0, 157, 998, 410, 41, 0.16%, 0, 0, 5, 48.80, 220437, 13295
2875, 0, 157, 998, 410, 41, 0.16%, 0, 0, 5, 65.30, 220677, 13295
2880, 0, 991, 998, 410, 42, 0.16%, 0, 0, 5, 100.60, 220970, 13295
2886, 0, 383, 998, 408, 40, 0.16%, 0, 0, 5, 120.20, 221363, 13295
2891, 0, 383, 998, 408, 40, 0.16%, 0, 0, 5, 97.48, 221733, 13295
2896, 0, 878, 999, 409, 40, 0.16%, 0, 0, 5, 90.96, 222162, 13295
2901, 0, 858, 1000, 409, 39, 0.16%, 0, 0, 5, 91.31, 222621, 13295
2906, 0, 980, 1001, 410, 39, 0.16%, 0, 0, 5, 74.75, 222945, 13306
2911, 0, 804, 1001, 409, 39, 0.16%, 0, 0, 5, 69.90, 223177, 13306
2916, 0, 804, 1001, 409, 39, 0.16%, 0, 0, 5, 82.96, 223586, 13306
2921, 0, 892, 1001, 408, 38, 0.16%, 0, 0, 5, 92.57, 224053, 13306
2926, 0, 155, 1002, 408, 37, 0.16%, 0, 0, 5, 26.47, 224511, 13306
2931, 0, 514, 1002, 407, 36, 0.16%, 0, 0, 5, 130.92, 225036, 13306
2937, 0, 349, 1002, 407, 36, 0.16%, 0, 0, 5, 121.50, 225659, 13306
2942, 0, 349, 1003, 408, 36, 0.16%, 0, 0, 5, 111.55, 226011, 13307
2947, 0, 997, 1004, 409, 36, 0.16%, 0, 0, 5, 39.35, 226258, 13309
2952, 0, 648, 1004, 408, 35, 0.16%, 0, 0, 5, 66.67, 226584, 13309
2958, 0, 527, 1004, 407, 34, 0.16%, 0, 0, 5, 76.38, 226984, 13309
2963, 0, 992, 1004, 407, 34, 0.16%, 0, 0, 5, 97.14, 227478, 13309
2968, 0, 992, 1004, 407, 34, 0.16%, 0, 0, 5, 7.69, 227826, 13309
2973, 0, 586, 1004, 406, 34, 0.16%, 0, 0, 5, 85.54, 228224, 13309
2978, 0, 586, 1005, 407, 34, 0.16%, 0, 0, 5, 102.69, 228695, 13333
2983, 0, 586, 1005, 407, 34, 0.16%, 0, 0, 5, 96.97, 229162, 13333
2988, 0, 720, 1005, 407, 35, 0.16%, 0, 0, 5, 99.82, 229433, 13333
2993, 0, 328, 1005, 405, 33, 0.16%, 0, 0, 5, 105.13, 229900, 13333
2998, 0, 328, 1005, 405, 33, 0.16%, 0, 0, 5, 87.47, 230211, 13333
3004, 0, 955, 1005, 403, 31, 0.16%, 0, 0, 5, 97.34, 230727, 13333
3009, 0, 786, 1005, 402, 30, 0.16%, 0, 0, 5, 22.78, 231103, 13333
3014, 0, 786, 1007, 404, 30, 0.16%, 0, 0, 5, 70.60, 231519, 13334
3019, 0, 663, 1007, 404, 31, 0.16%, 0, 0, 5, 127.81, 231915, 13334
3024, 0, 497, 1008, 404, 30, 0.16%, 0, 0, 5, 13.70, 232389, 13339
3030, 0, 875, 1008, 403, 30, 0.16%, 0, 0, 5, 136.52, 232709, 13339
3035, 0, 875, 1009, 404, 30, 0.16%, 0, 0, 5, 101.14, 233160, 13339
3040, 0, 875, 1009, 404, 30, 0.16%, 0, 0, 5, 14.60, 233539, 13339
3045, 0, 403, 1009, 404, 31, 0.16%, 0, 0, 5, 125.00, 233874, 13339
3050, 0, 403, 1009, 404, 31, 0.16%, 0, 0, 5, 106.18, 234396, 13339
3055, 0, 437, 1009, 404, 31, 0.16%, 0, 0, 5, 4.18, 234643, 13339
3061, 0, 437, 1009, 404, 31, 0.16%, 0, 0, 5, 18.37, 234717, 13339
3066, 0, 437, 1009, 404, 31, 0.16%, 0, 0, 5, 15.01, 234779, 13339
3071, 0, 687, 1009, 403, 30, 0.16%, 0, 0, 5, 115.55, 235128, 13339
3076, 0, 182, 1009, 402, 29, 0.16%, 0, 0, 5, 107.70, 235642, 13339
3081, 0, 644, 1009, 402, 29, 0.16%, 0, 0, 5, 114.38, 236207, 13339
3086, 0, 1008, 1009, 402, 29, 0.16%, 0, 0, 5, 78.24, 236701, 13339
3091, 0, 1004, 1009, 401, 28, 0.16%, 0, 0, 5, 7.72, 237135, 13339
3096, 0, 906, 1009, 399, 26, 0.16%, 0, 0, 5, 25.26, 237584, 13339
3101, 0, 221, 1013, 402, 25, 0.16%, 0, 0, 5, 78.28, 237966, 13346
3106, 0, 221, 1013, 402, 25, 0.16%, 0, 0, 5, 90.21, 238420, 13346
3112, 0, 221, 1014, 403, 25, 0.16%, 0, 0, 5, 80.89, 238795, 13346
3117, 0, 221, 1014, 403, 25, 0.16%, 0, 0, 5, 85.90, 239238, 13346
3122, 0, 221, 1014, 403, 25, 0.16%, 0, 0, 5, 134.45, 239659, 13346
3127, 0, 221, 1014, 403, 25, 0.16%, 0, 0, 5, 95.42, 240050, 13346
3132, 0, 221, 1014, 403, 25, 0.16%, 0, 0, 5, 83.97, 240479, 13346
3137, 0, 221, 1014, 403, 25, 0.16%, 0, 0, 5, 122.77, 240923, 13346
3142, 0, 221, 1015, 404, 25, 0.16%, 0, 0, 5, 98.52, 241363, 13346
3148, 0, 221, 1015, 404, 25, 0.16%, 0, 0, 5, 91.39, 241771, 13346
3153, 0, 221, 1015, 404, 25, 0.16%, 0, 0, 5, 104.63, 242313, 13346
3158, 0, 221, 1015, 404, 25, 0.16%, 0, 0, 5, 99.47, 242786, 13346
3163, 0, 221, 1016, 405, 25, 0.16%, 0, 0, 5, 72.03, 243206, 13350
3168, 0, 221, 1016, 405, 25, 0.16%, 0, 0, 5, 96.20, 243722, 13350
3173, 0, 516, 1016, 405, 28, 0.16%, 0, 0, 5, 70.35, 244091, 13350
3178, 0, 516, 1017, 406, 28, 0.16%, 0, 0, 5, 91.69, 244544, 13354
3185, 0, 383, 1017, 406, 29, 0.16%, 0, 0, 5, 8.58, 245053, 13354
3190, 0, 383, 1017, 406, 29, 0.16%, 0, 0, 5, 145.08, 245443, 13354
3195, 0, 758, 1018, 407, 30, 0.16%, 0, 0, 5, 7.75, 245605, 13355
3200, 0, 758, 1018, 407, 30, 0.16%, 0, 0, 5, 15.67, 245683, 13355
3205, 0, 758, 1018, 407, 30, 0.16%, 0, 0, 5, 22.38, 245807, 13355
3210, 0, 242, 1020, 408, 29, 0.16%, 0, 0, 5, 79.09, 246273, 13367
3216, 0, 242, 1021, 409, 29, 0.16%, 0, 0, 5, 104.16, 246821, 13367
3221, 0, 242, 1022, 410, 29, 0.16%, 0, 0, 5, 56.46, 247256, 13425
3226, 0, 242, 1022, 410, 29, 0.16%, 0, 0, 5, 83.17, 247705, 13425
3231, 0, 242, 1023, 411, 29, 0.16%, 0, 0, 5, 63.99, 248139, 13425
3236, 0, 242, 1023, 411, 29, 0.16%, 0, 0, 5, 89.16, 248627, 13425
3241, 0, 242, 1023, 411, 29, 0.16%, 0, 0, 5, 140.31, 249163, 13425
3246, 0, 242, 1023, 411, 29, 0.16%, 0, 0, 5, 116.79, 249691, 13425
3251, 0, 242, 1023, 411, 29, 0.16%, 0, 0, 5, 100.50, 250188, 13425
3257, 0, 445, 1023, 411, 34, 0.16%, 0, 0, 5, 7.08, 250572, 13425
3262, 0, 569, 1023, 411, 34, 0.16%, 0, 0, 5, 117.05, 251168, 13425
3267, 0, 770, 1023, 409, 32, 0.16%, 0, 0, 5, 136.47, 251720, 13425
3274, 0, 229, 1024, 409, 33, 0.16%, 0, 0, 5, 14.90, 252244, 13425
3279, 0, 349, 1024, 408, 32, 0.16%, 0, 0, 5, 133.32, 252634, 13425
3284, 0, 979, 1025, 409, 32, 0.16%, 0, 0, 5, 79.28, 253121, 13427
3289, 0, 979, 1025, 409, 32, 0.16%, 0, 0, 5, 91.25, 253565, 13427
3294, 0, 1016, 1025, 409, 33, 0.16%, 0, 0, 5, 105.36, 253960, 13427
3299, 0, 423, 1025, 408, 32, 0.16%, 0, 0, 5, 100.49, 254486, 13427
3305, 0, 432, 1025, 407, 31, 0.16%, 0, 0, 5, 114.45, 254913, 13427
3310, 0, 432, 1025, 407, 31, 0.16%, 0, 0, 5, 106.61, 255419, 13427
3315, 0, 385, 1025, 406, 30, 0.16%, 0, 0, 5, 109.28, 255989, 13427
3320, 0, 767, 1025, 405, 29, 0.16%, 0, 0, 5, 113.04, 256510, 13427
3325, 0, 188, 1025, 404, 28, 0.16%, 0, 0, 5, 99.76, 256987, 13427
3330, 0, 74, 1025, 403, 27, 0.16%, 0, 0, 5, 82.00, 257372, 13427
3335, 0, 74, 1026, 404, 27, 0.16%, 0, 0, 5, 90.42, 257817, 13432
3340, 0, 1024, 1026, 404, 27, 0.16%, 0, 0, 5, 104.58, 258374, 13432
3347, 0, 795, 1026, 403, 26, 0.16%, 0, 0, 5, 2.05, 258738, 13432
3352, 0, 903, 1026, 402, 25, 0.16%, 0, 0, 5, 111.55, 259153, 13432
3357, 0, 394, 1026, 402, 25, 0.16%, 0, 0, 5, 103.75, 259637, 13432
3362, 0, 76, 1026, 402, 25, 0.16%, 0, 0, 5, 100.10, 260129, 13432
3367, 0, 804, 1026, 400, 23, 0.16%, 0, 0, 5, 138.90, 260567, 13432
3372, 0, 68, 1026, 400, 23, 0.16%, 0, 0, 5, 98.80, 260981, 13432
3377, 0, 68, 1026, 400, 23, 0.16%, 0, 0, 5, 92.51, 261434, 13432
3382, 0, 68, 1026, 400, 23, 0.16%, 0, 0, 5, 99.73, 261924, 13432
3387, 0, 534, 1026, 400, 23, 0.16%, 0, 0, 5, 98.95, 262428, 13432
3392, 0, 68, 1026, 400, 23, 0.16%, 0, 0, 5, 103.92, 262945, 13432
3398, 0, 68, 1026, 400, 23, 0.16%, 0, 0, 5, 75.25, 263410, 13432
3403, 0, 912, 1026, 400, 23, 0.16%, 0, 0, 5, 79.79, 263801, 13432
3408, 0, 912, 1027, 401, 23, 0.16%, 0, 0, 5, 97.36, 264323, 13432
3414, 0, 716, 1027, 401, 24, 0.16%, 0, 0, 5, 19.17, 264786, 13432
3419, 0, 288, 1027, 400, 23, 0.16%, 0, 0, 5, 102.89, 265262, 13432
3424, 0, 282, 1027, 399, 22, 0.16%, 0, 0, 5, 99.19, 265741, 13432
3429, 0, 885, 1028, 398, 20, 0.16%, 0, 0, 5, 67.31, 266129, 13440
3434, 0, 885, 1030, 400, 20, 0.16%, 0, 0, 5, 86.52, 266592, 13518
3439, 0, 885, 1034, 404, 20, 0.16%, 0, 0, 5, 100.45, 266989, 13532
3444, 0, 885, 1037, 407, 20, 0.16%, 0, 0, 5, 16.08, 267401, 13598
3449, 0, 885, 1038, 408, 20, 0.16%, 0, 0, 5, 119.42, 267956, 13598
3455, 0, 885, 1038, 408, 20, 0.16%, 0, 0, 5, 114.20, 268530, 13598
3460, 0, 885, 1040, 410, 20, 0.16%, 0, 0, 5, 134.65, 268969, 13620
3465, 0, 885, 1041, 411, 20, 0.16%, 0, 0, 5, 109.83, 269462, 13635
3470, 0, 885, 1041, 411, 20, 0.16%, 0, 0, 5, 114.95, 270064, 13635
3475, 0, 885, 1041, 411, 20, 0.16%, 0, 0, 5, 96.07, 270534, 13635
3480, 0, 885, 1041, 411, 20, 0.16%, 0, 0, 5, 109.32, 271086, 13635
3485, 0, 885, 1041, 411, 20, 0.16%, 0, 0, 5, 103.80, 271592, 13635
3491, 0, 885, 1041, 411, 20, 0.16%, 1, 0, 5, 5.93, 272092, 13635
3496, 0, 583, 1041, 411, 29, 0.16%, 1, 0, 5, 118.06, 272338, 13635
3501, 0, 424, 1041, 411, 29, 0.16%, 1, 0, 5, 110.27, 272866, 13635
3506, 0, 575, 1042, 411, 28, 0.16%, 1, 0, 5, 17.63, 273356, 13635
3511, 0, 575, 1042, 411, 28, 0.16%, 1, 0, 5, 97.47, 273804, 13635
3516, 0, 372, 1043, 412, 29, 0.16%, 1, 0, 5, 8.91, 274111, 13645
3521, 0, 449, 1043, 411, 28, 0.16%, 1, 0, 5, 109.45, 274661, 13645
3527, 0, 449, 1044, 412, 28, 0.16%, 1, 0, 5, 112.52, 275249, 13645
3532, 0, 761, 1044, 412, 28, 0.16%, 1, 0, 5, 83.32, 275641, 13645
3537, 0, 1033, 1044, 412, 28, 0.16%, 1, 0, 5, 106.67, 276177, 13645
3542, 0, 1031, 1044, 411, 27, 0.16%, 1, 0, 5, 131.47, 276634, 13645
3547, 0, 1022, 1045, 410, 25, 0.16%, 1, 0, 5, 109.09, 277130, 13646
3552, 0, 349, 1046, 410, 25, 0.16%, 1, 0, 5, 140.78, 277510, 13646
3557, 0, 996, 1047, 411, 25, 0.16%, 1, 0, 5, 121.22, 277960, 13656
3562, 0, 1028, 1048, 411, 25, 0.16%, 1, 0, 5, 121.52, 278306, 13661
3567, 0, 633, 1048, 410, 24, 0.16%, 1, 0, 5, 99.59, 278745, 13661
3572, 0, 633, 1048, 410, 24, 0.16%, 2, 0, 5, 141.25, 279155, 13661
3578, 0, 384, 1048, 410, 24, 0.16%, 2, 0, 5, 22.43, 279397, 13661
3583, 0, 384, 1048, 410, 24, 0.16%, 2, 0, 5, 27.38, 279520, 13661
3588, 0, 384, 1048, 410, 24, 0.16%, 2, 0, 5, 1.87, 279603, 13661
3594, 0, 384, 1048, 410, 24, 0.16%, 2, 0, 5, 3.42, 279675, 13661
3599, 0, 384, 1048, 410, 24, 0.16%, 2, 0, 5, 24.38, 279768, 13661
3604, 0, 384, 1048, 410, 24, 0.16%, 2, 0, 5, 21.13, 279854, 13661
3609, 0, 1044, 1049, 410, 24, 0.16%, 2, 0, 5, 12.01, 280262, 13668
3614, 0, 1046, 1049, 409, 23, 0.16%, 2, 0, 5, 138.83, 280732, 13668
3620, 0, 900, 1049, 407, 21, 0.16%, 2, 0, 5, 11.02, 281143, 13668
3625, 0, 221, 1049, 407, 21, 0.16%, 2, 0, 5, 86.25, 281584, 13668
3630, 0, 221, 1049, 407, 21, 0.16%, 2, 0, 5, 76.70, 282038, 13668
3636, 0, 266, 1050, 408, 21, 0.16%, 2, 0, 5, 97.01, 282572, 13668
3641, 0, 1010, 1051, 408, 21, 0.16%, 2, 0, 5, 107.34, 282912, 13670
3646, 0, 1050, 1052, 408, 21, 0.16%, 3, 0, 5, 12.35, 283201, 13670
3651, 0, 466, 1054, 408, 19, 0.16%, 3, 0, 5, 115.86, 283685, 13670
3656, 0, 1052, 1054, 408, 20, 0.16%, 3, 0, 5, 129.35, 284167, 13670
3661, 0, 1049, 1055, 408, 20, 0.16%, 3, 0, 5, 133.95, 284620, 13671
3667, 0, 51, 1056, 408, 19, 0.16%, 3, 0, 5, 23.35, 285078, 13671
3672, 0, 51, 1057, 409, 19, 0.16%, 3, 0, 5, 19.73, 285169, 13671
3677, 0, 51, 1057, 409, 19, 0.16%, 3, 0, 5, 22.96, 285290, 13671
3682, 0, 515, 1057, 407, 18, 0.16%, 3, 0, 5, 8.49, 285583, 13671
3687, 0, 515, 1058, 408, 18, 0.16%, 3, 0, 5, 125.07, 286209, 13671
3693, 0, 1037, 1059, 409, 19, 0.17%, 3, 0, 5, 11.89, 286703, 14153
3698, 0, 567, 1060, 409, 18, 0.17%, 3, 0, 5, 125.92, 287347, 14153
3703, 0, 481, 1060, 409, 18, 0.17%, 3, 0, 5, 125.46, 287985, 14153
3709, 0, 983, 1061, 409, 17, 0.17%, 3, 0, 5, 120.58, 288599, 14153
3714, 0, 983, 1061, 409, 17, 0.17%, 3, 0, 5, 85.58, 288980, 14153
3719, 0, 983, 1062, 410, 17, 0.17%, 3, 0, 5, 75.48, 289302, 14216
3726, 0, 671, 1064, 412, 17, 0.17%, 3, 0, 5, 7.49, 289619, 14241
3731, 0, 671, 1064, 412, 17, 0.17%, 3, 0, 5, 123.82, 290258, 14241
3736, 0, 103, 1064, 412, 17, 0.17%, 3, 0, 5, 128.48, 290924, 14241
3741, 0, 103, 1064, 412, 17, 0.17%, 3, 0, 5, 121.97, 291537, 14241
3746, 0, 808, 1064, 412, 17, 0.17%, 3, 0, 5, 123.86, 292160, 14241
3751, 0, 808, 1064, 412, 17, 0.17%, 3, 0, 5, 127.36, 292826, 14241
3756, 0, 346, 1064, 411, 16, 0.17%, 3, 0, 5, 129.27, 293495, 14241
3761, 0, 515, 1065, 411, 15, 0.17%, 3, 0, 5, 122.95, 294071, 14241
3766, 0, 515, 1065, 411, 15, 0.17%, 3, 0, 5, 126.09, 294722, 14241
3771, 0, 187, 1065, 411, 15, 0.17%, 3, 0, 5, 127.88, 295369, 14241
3777, 0, 590, 1066, 412, 15, 0.17%, 3, 0, 5, 121.49, 295950, 14241
3782, 0, 1046, 1066, 411, 14, 0.17%, 3, 0, 5, 125.40, 296608, 14241
3787, 0, 1046, 1066, 411, 14, 0.17%, 3, 0, 5, 124.04, 297263, 14241
3792, 0, 695, 1066, 411, 14, 0.17%, 3, 0, 5, 130.06, 297906, 14241
3797, 0, 792, 1067, 412, 14, 0.17%, 3, 0, 5, 123.61, 298524, 14241
3802, 0, 771, 1069, 413, 13, 0.17%, 3, 0, 5, 121.84, 299131, 14249
3807, 0, 1018, 1070, 413, 14, 0.17%, 3, 0, 5, 130.90, 299505, 14249
3812, 0, 157, 1071, 413, 13, 0.17%, 4, 0, 5, 88.89, 299832, 14249
3817, 0, 730, 1074, 416, 13, 0.17%, 4, 0, 5, 93.66, 300253, 14261
3822, 0, 730, 1074, 416, 13, 0.17%, 4, 0, 5, 125.88, 300939, 14261
3827, 0, 730, 1074, 416, 13, 0.17%, 4, 0, 5, 131.57, 301609, 14261
3833, 0, 730, 1076, 418, 13, 0.17%, 4, 0, 5, 129.00, 302177, 14264
3838, 0, 730, 1076, 418, 13, 0.17%, 4, 0, 5, 127.97, 302815, 14264
3843, 0, 730, 1076, 418, 13, 0.17%, 4, 0, 5, 131.28, 303495, 14264
3849, 0, 715, 1087, 1037, 601, 0.15%, 0, 0, 2, 133.37, 302434, 12904
3854, 0, 715, 1087, 1037, 601, 0.15%, 0, 0, 2, 118.29, 302988, 12904
3860, 0, 715, 1087, 1037, 601, 0.15%, 0, 0, 2, 115.98, 303566, 12904
3865, 0, 715, 1088, 1038, 601, 0.15%, 0, 0, 2, 119.65, 304173, 12904
3870, 0, 715, 1088, 1038, 601, 0.15%, 0, 0, 2, 110.02, 304694, 12904
3875, 0, 715, 1088, 1038, 601, 0.15%, 0, 0, 2, 113.62, 305268, 12904
3880, 0, 715, 1089, 1039, 601, 0.15%, 0, 0, 2, 121.96, 305889, 12904
3885, 0, 715, 1091, 1041, 601, 0.15%, 0, 0, 2, 109.79, 306452, 12905
3890, 0, 715, 1091, 1041, 601, 0.15%, 0, 0, 2, 121.79, 307070, 12905
3896, 0, 715, 1093, 1043, 601, 0.15%, 0, 0, 2, 145.59, 307562, 12909
3901, 0, 715, 1094, 1044, 601, 0.15%, 0, 0, 2, 114.33, 308109, 12910
3908, 0, 715, 1096, 1046, 601, 0.15%, 0, 0, 2, 11.04, 308696, 12930
3913, 0, 715, 1096, 1046, 601, 0.15%, 0, 0, 2, 124.54, 309366, 12930
3918, 0, 715, 1096, 1046, 601, 0.15%, 0, 0, 2, 119.39, 309899, 12930
3923, 0, 715, 1097, 1047, 601, 0.15%, 0, 0, 2, 7.27, 310512, 12932
3928, 0, 715, 1097, 1047, 601, 0.15%, 0, 0, 2, 131.04, 311150, 12932
3933, 0, 715, 1097, 1047, 601, 0.15%, 0, 0, 2, 129.38, 311758, 12932
3939, 0, 715, 1099, 1049, 601, 0.15%, 0, 0, 2, 114.80, 312245, 12932
3944, 0, 715, 1099, 1049, 601, 0.15%, 0, 0, 2, 115.71, 312857, 12932
3949, 0, 715, 1099, 1049, 601, 0.15%, 0, 0, 2, 144.82, 313395, 12932
3954, 0, 832, 1099, 1048, 605, 0.15%, 0, 0, 2, 13.52, 313757, 12932
3959, 0, 832, 1101, 1050, 605, 0.15%, 0, 0, 2, 49.23, 314065, 12946
3964, 0, 832, 1101, 1050, 605, 0.15%, 0, 0, 2, 65.35, 314402, 12946
3969, 0, 832, 1101, 1050, 605, 0.15%, 0, 0, 2, 83.68, 314779, 12946
3975, 0, 23, 1102, 1050, 606, 0.15%, 0, 0, 2, 95.72, 315150, 12946
3980, 0, 23, 1102, 1050, 606, 0.15%, 0, 0, 2, 130.02, 315556, 12946
3985, 0, 782, 1102, 1049, 604, 0.15%, 0, 0, 2, 15.04, 315900, 12946
3990, 0, 236, 1103, 1049, 603, 0.15%, 0, 0, 2, 103.75, 316297, 12946
3995, 0, 236, 1103, 1049, 603, 0.15%, 0, 0, 2, 43.54, 316603, 12946
4001, 0, 400, 1104, 1049, 602, 0.15%, 0, 0, 2, 69.17, 317028, 12946
4006, 0, 400, 1104, 1049, 602, 0.15%, 0, 0, 2, 89.47, 317523, 12946
4011, 0, 919, 1104, 1048, 601, 0.15%, 0, 0, 2, 58.92, 317802, 12946
4017, 0, 919, 1105, 1049, 601, 0.15%, 0, 0, 2, 26.64, 318029, 12958
4022, 0, 751, 1105, 1048, 600, 0.15%, 0, 0, 2, 49.57, 318298, 12958
4027, 0, 751, 1105, 1048, 600, 0.15%, 0, 0, 2, 75.06, 318730, 12958
4032, 0, 533, 1105, 1047, 599, 0.15%, 0, 0, 2, 105.59, 319266, 12958
4037, 0, 107, 1109, 1050, 598, 0.15%, 0, 0, 2, 115.67, 319843, 12966
4042, 0, 107, 1110, 1051, 598, 0.15%, 0, 0, 2, 108.54, 320390, 12966
4048, 0, 107, 1112, 1053, 598, 0.15%, 0, 0, 2, 106.23, 320888, 12974
4053, 0, 107, 1116, 1057, 598, 0.15%, 0, 0, 2, 109.44, 321431, 12980
4058, 0, 107, 1116, 1057, 598, 0.15%, 0, 0, 2, 123.92, 321858, 12980
4063, 0, 107, 1118, 1059, 598, 0.15%, 0, 0, 2, 108.53, 322288, 12984
4068, 0, 107, 1119, 1060, 598, 0.15%, 0, 0, 2, 110.88, 322853, 12984
4073, 0, 107, 1122, 1063, 598, 0.15%, 0, 0, 2, 110.86, 323374, 12984
4078, 0, 107, 1124, 1065, 598, 0.15%, 0, 0, 2, 99.92, 323846, 12985
4084, 0, 107, 1125, 1066, 598, 0.16%, 0, 0, 2, 98.52, 324365, 13003
4089, 0, 107, 1127, 1068, 598, 0.16%, 0, 0, 2, 84.80, 324776, 13010
4094, 0, 107, 1129, 1070, 598, 0.16%, 0, 0, 2, 97.90, 325248, 13010
4099, 0, 107, 1131, 1072, 598, 0.16%, 0, 0, 2, 99.38, 325740, 13010
4104, 0, 107, 1133, 1074, 598, 0.16%, 0, 0, 2, 98.91, 326196, 13012
4110, 0, 107, 1135, 1076, 598, 0.16%, 0, 0, 2, 102.04, 326691, 13016
4115, 0, 107, 1136, 1077, 598, 0.16%, 0, 0, 2, 139.66, 327081, 13017
4120, 0, 107, 1137, 1078, 598, 0.16%, 0, 0, 2, 107.98, 327560, 13017
4125, 0, 107, 1139, 1080, 598, 0.16%, 0, 0, 2, 92.54, 328014, 13017
4130, 0, 107, 1139, 1080, 598, 0.16%, 0, 0, 2, 111.34, 328578, 13017
4135, 0, 107, 1140, 1081, 598, 0.16%, 0, 0, 2, 104.36, 328994, 13017
4140, 0, 107, 1141, 1082, 598, 0.16%, 0, 0, 2, 91.86, 329415, 13021
4145, 0, 107, 1141, 1082, 598, 0.16%, 0, 0, 2, 100.15, 329930, 13021
4150, 0, 107, 1142, 1083, 598, 0.16%, 0, 0, 2, 97.90, 330379, 13021
4155, 0, 107, 1143, 1084, 598, 0.16%, 0, 0, 2, 94.80, 330858, 13021
4161, 0, 107, 1144, 1085, 598, 0.16%, 0, 0, 2, 98.38, 331340, 13022
4166, 0, 107, 1144, 1085, 598, 0.16%, 0, 0, 2, 86.99, 331791, 13022
4171, 0, 107, 1144, 1085, 598, 0.16%, 0, 0, 2, 14.71, 332239, 13022
4176, 0, 183, 1145, 1085, 615, 0.16%, 0, 0, 2, 125.46, 332567, 13022
4181, 0, 557, 1145, 1084, 614, 0.16%, 0, 0, 2, 105.20, 333043, 13022
4186, 0, 543, 1146, 1084, 613, 0.16%, 0, 0, 2, 36.30, 333432, 13022
4191, 0, 543, 1146, 1084, 613, 0.16%, 0, 0, 2, 90.70, 333957, 13022
4196, 0, 579, 1146, 1083, 612, 0.16%, 0, 0, 2, 86.69, 334362, 13022
4202, 0, 579, 1147, 1084, 612, 0.16%, 0, 0, 2, 83.55, 334729, 13027
4207, 0, 796, 1147, 1083, 611, 0.16%, 0, 0, 2, 79.19, 335258, 13027
4212, 0, 825, 1147, 1082, 610, 0.16%, 0, 0, 2, 136.04, 335797, 13027
4217, 0, 1086, 1147, 1081, 609, 0.16%, 0, 0, 2, 114.31, 336369, 13027
4222, 0, 545, 1147, 1080, 608, 0.16%, 0, 0, 2, 99.80, 336829, 13027
4227, 0, 570, 1147, 1079, 607, 0.16%, 0, 0, 2, 114.91, 337386, 13027
