# relative_time, cycles_done, cur_item, corpus_count, pending_total, pending_favs, map_size, saved_crashes, saved_hangs, max_depth, execs_per_sec, total_execs, edges_found
64, 0, 0, 48, 48, 1, 0.02%, 0, 0, 2, 90.20, 4563, 1922
69, 0, 0, 49, 49, 1, 0.02%, 0, 0, 2, 125.56, 4949, 1922
74, 0, 0, 50, 50, 1, 0.02%, 0, 0, 2, 128.70, 5417, 1922
79, 0, 0, 52, 52, 1, 0.02%, 0, 0, 2, 24.26, 5822, 1922
84, 0, 0, 53, 53, 1, 0.02%, 0, 0, 2, 104.75, 6282, 1922
89, 0, 0, 53, 53, 1, 0.02%, 0, 0, 2, 111.90, 6822, 1922
94, 0, 0, 54, 54, 1, 0.02%, 0, 0, 2, 59.53, 7068, 1924
99, 0, 0, 67, 66, 0, 0.04%, 0, 0, 2, 57.98, 7352, 3358
105, 0, 0, 87, 86, 0, 0.06%, 0, 0, 2, 50.82, 7552, 4879
110, 0, 0, 108, 107, 0, 0.07%, 0, 0, 2, 48.37, 7752, 5926
115, 0, 0, 129, 128, 0, 0.08%, 0, 0, 2, 49.00, 7961, 6362
120, 0, 0, 148, 147, 0, 0.08%, 0, 0, 2, 48.06, 8166, 6655
125, 0, 0, 168, 167, 0, 0.08%, 0, 0, 2, 47.69, 8371, 6860
130, 0, 0, 192, 191, 0, 0.09%, 0, 0, 2, 48.01, 8612, 7150
136, 0, 0, 207, 206, 0, 0.09%, 0, 0, 2, 40.23, 8780, 7238
141, 0, 0, 226, 225, 0, 0.09%, 0, 0, 2, 42.87, 8984, 7481
146, 0, 0, 253, 252, 0, 0.09%, 0, 0, 2, 49.73, 9231, 7728
152, 0, 0, 275, 274, 0, 0.09%, 0, 0, 2, 61.47, 9431, 7819
157, 0, 0, 301, 300, 0, 0.10%, 0, 0, 2, 56.44, 9672, 8355
162, 0, 0, 321, 320, 0, 0.10%, 0, 0, 2, 8.17, 9891, 8490
168, 0, 0, 341, 340, 0, 0.10%, 0, 0, 2, 49.23, 10123, 8700
173, 0, 0, 364, 363, 0, 0.11%, 0, 0, 2, 49.62, 10355, 8846
178, 0, 0, 380, 379, 0, 0.11%, 0, 0, 2, 65.01, 10528, 8902
183, 0, 0, 409, 408, 0, 0.11%, 0, 0, 2, 60.79, 10791, 9016
188, 0, 0, 434, 433, 0, 0.11%, 0, 0, 2, 56.23, 11018, 9133
193, 0, 0, 462, 461, 0, 0.11%, 0, 0, 2, 56.99, 11297, 9265
199, 0, 0, 486, 485, 0, 0.11%, 0, 0, 2, 51.36, 11540, 9337
204, 0, 0, 499, 498, 0, 0.11%, 0, 0, 2, 43.43, 11697, 9375
209, 0, 0, 527, 526, 0, 0.11%, 0, 0, 2, 51.45, 11963, 9490
214, 0, 0, 556, 555, 0, 0.12%, 0, 0, 2, 57.88, 12249, 9655
220, 0, 0, 577, 576, 0, 0.12%, 0, 0, 2, 51.98, 12454, 9755
225, 0, 0, 601, 600, 0, 0.12%, 0, 0, 2, 50.88, 12699, 9868
230, 0, 0, 629, 628, 0, 0.12%, 0, 0, 2, 55.84, 12970, 9965
235, 0, 0, 653, 652, 0, 0.12%, 0, 0, 2, 53.87, 13220, 10059
241, 0, 0, 679, 678, 0, 0.12%, 0, 0, 2, 53.00, 13466, 10249
246, 0, 0, 705, 704, 0, 0.12%, 0, 0, 2, 51.05, 13707, 10343
251, 0, 0, 719, 718, 0, 0.13%, 0, 0, 2, 42.42, 13869, 10536
257, 0, 0, 740, 739, 0, 0.13%, 0, 0, 2, 44.35, 14076, 10658
262, 0, 0, 757, 756, 0, 0.13%, 0, 0, 2, 44.09, 14257, 10724
267, 0, 0, 789, 788, 0, 0.13%, 0, 0, 2, 56.70, 14566, 10811
272, 0, 0, 812, 811, 0, 0.13%, 0, 0, 2, 11.01, 14795, 10860
278, 0, 0, 822, 821, 0, 0.13%, 0, 0, 2, 9.90, 14896, 10863
283, 0, 802, 825, 824, 563, 0.13%, 0, 0, 2, 124.31, 15008, 10863
288, 0, 613, 825, 822, 561, 0.13%, 0, 0, 2, 119.47, 15505, 10863
293, 0, 87, 826, 822, 561, 0.13%, 0, 0, 2, 1.63, 15863, 10865
298, 0, 87, 826, 822, 561, 0.13%, 0, 0, 2, 6.13, 16074, 10865
303, 0, 60, 827, 821, 559, 0.13%, 0, 0, 2, 79.47, 16498, 10869
308, 0, 60, 830, 824, 559, 0.13%, 0, 0, 2, 124.18, 16936, 10877
313, 0, 60, 830, 824, 559, 0.13%, 0, 0, 2, 107.71, 17406, 10877
319, 0, 560, 830, 823, 561, 0.13%, 0, 0, 2, 17.05, 17874, 10877
324, 0, 663, 830, 822, 560, 0.13%, 0, 0, 2, 95.52, 18350, 10877
329, 0, 256, 830, 820, 558, 0.13%, 0, 0, 2, 78.94, 18778, 10877
334, 0, 216, 831, 819, 556, 0.13%, 0, 0, 2, 92.81, 19275, 10877
340, 0, 218, 831, 818, 555, 0.13%, 0, 0, 2, 66.73, 19587, 10877
345, 0, 104, 831, 817, 554, 0.13%, 0, 0, 2, 88.16, 20050, 10877
350, 0, 353, 832, 816, 552, 0.13%, 0, 0, 2, 74.77, 20415, 10888
355, 0, 703, 832, 815, 552, 0.13%, 0, 0, 2, 121.79, 20811, 10888
360, 0, 361, 834, 815, 551, 0.13%, 0, 0, 2, 15.82, 21209, 10894
365, 0, 763, 834, 814, 550, 0.13%, 0, 0, 2, 99.51, 21669, 10894
371, 0, 616, 835, 813, 549, 0.13%, 0, 0, 2, 3.97, 22118, 10896
376, 0, 803, 835, 812, 548, 0.13%, 0, 0, 2, 97.31, 22553, 10896
381, 0, 469, 835, 810, 546, 0.13%, 0, 0, 2, 108.85, 23042, 10896
386, 0, 376, 836, 809, 544, 0.13%, 0, 0, 2, 99.80, 23527, 10906
391, 0, 376, 836, 809, 544, 0.13%, 0, 0, 2, 63.11, 23770, 10906
397, 0, 288, 836, 807, 543, 0.13%, 0, 0, 2, 112.65, 24135, 10906
402, 0, 288, 836, 807, 543, 0.13%, 0, 0, 2, 42.89, 24304, 10906
407, 0, 719, 836, 805, 541, 0.13%, 0, 0, 2, 90.20, 24789, 10906
412, 0, 678, 836, 803, 539, 0.13%, 0, 0, 2, 104.75, 25328, 10906
417, 0, 527, 836, 802, 538, 0.13%, 0, 0, 2, 58.53, 25721, 10906
422, 0, 521, 836, 800, 536, 0.13%, 0, 0, 2, 135.53, 26190, 10906
427, 0, 245, 837, 800, 535, 0.13%, 0, 0, 2, 107.02, 26636, 10906
433, 0, 8, 838, 799, 534, 0.13%, 0, 0, 2, 4.70, 27038, 10908
438, 0, 519, 838, 798, 533, 0.13%, 0, 0, 2, 81.10, 27465, 10908
443, 0, 224, 838, 797, 532, 0.13%, 0, 0, 2, 62.25, 27764, 10908
448, 0, 148, 838, 795, 530, 0.13%, 0, 0, 2, 11.96, 28137, 10908
453, 0, 481, 839, 795, 530, 0.13%, 0, 0, 2, 121.25, 28523, 10908
459, 0, 810, 839, 793, 528, 0.13%, 0, 0, 2, 116.91, 29088, 10908
464, 0, 269, 839, 791, 526, 0.13%, 0, 0, 2, 112.98, 29571, 10908
470, 0, 665, 839, 790, 525, 0.13%, 0, 0, 2, 12.96, 29813, 10908
475, 0, 251, 839, 789, 524, 0.13%, 0, 0, 2, 104.54, 30307, 10908
480, 0, 738, 839, 787, 522, 0.13%, 0, 0, 2, 130.42, 30744, 10908
485, 0, 627, 839, 786, 521, 0.13%, 0, 0, 2, 105.37, 31231, 10908
490, 0, 523, 840, 785, 519, 0.13%, 0, 0, 2, 111.70, 31799, 10908
496, 0, 308, 840, 783, 517, 0.13%, 0, 0, 2, 4.63, 32134, 10908
501, 0, 377, 840, 782, 516, 0.13%, 0, 0, 2, 96.35, 32557, 10908
506, 0, 355, 840, 780, 514, 0.13%, 0, 0, 2, 91.98, 33018, 10908
511, 0, 68, 842, 781, 513, 0.13%, 0, 0, 2, 77.90, 33418, 10911
516, 0, 68, 846, 785, 513, 0.13%, 0, 0, 2, 91.68, 33871, 10921
521, 0, 68, 848, 787, 513, 0.13%, 0, 0, 2, 85.70, 34247, 10922
526, 0, 68, 852, 791, 513, 0.13%, 0, 0, 2, 124.05, 34654, 10923
532, 0, 68, 852, 791, 513, 0.13%, 0, 0, 2, 35.25, 35078, 10923
537, 0, 68, 852, 791, 513, 0.13%, 0, 0, 2, 14.65, 35482, 10923
542, 0, 68, 852, 791, 513, 0.13%, 0, 0, 2, 114.33, 35958, 10923
547, 0, 68, 853, 792, 513, 0.13%, 0, 0, 2, 106.11, 36487, 10923
552, 0, 68, 856, 795, 513, 0.13%, 0, 0, 2, 144.36, 36980, 10923
557, 0, 68, 857, 796, 513, 0.13%, 0, 0, 2, 133.95, 37417, 10928
562, 0, 68, 857, 796, 513, 0.13%, 0, 0, 2, 110.64, 37939, 10928
567, 0, 68, 857, 796, 513, 0.13%, 0, 0, 2, 12.59, 38369, 10928
572, 0, 547, 858, 796, 515, 0.13%, 0, 0, 2, 118.52, 38661, 10930
577, 0, 403, 858, 795, 515, 0.13%, 0, 0, 2, 113.40, 39042, 10930
583, 0, 344, 858, 793, 513, 0.13%, 0, 0, 2, 13.14, 39489, 10930
588, 0, 840, 858, 791, 511, 0.13%, 0, 0, 2, 141.29, 39892, 10930
593, 0, 97, 859, 791, 510, 0.13%, 0, 0, 2, 3.72, 40339, 10930
598, 0, 390, 859, 790, 507, 0.13%, 0, 0, 2, 72.30, 40608, 10930
603, 0, 366, 860, 790, 506, 0.13%, 0, 0, 2, 101.45, 41123, 10930
608, 0, 231, 860, 789, 505, 0.13%, 0, 0, 2, 32.08, 41442, 10930
613, 0, 468, 860, 787, 503, 0.13%, 0, 0, 2, 81.46, 41876, 10930
618, 0, 758, 860, 785, 501, 0.13%, 0, 0, 2, 104.07, 42417, 10930
623, 0, 746, 862, 785, 499, 0.13%, 0, 0, 2, 132.16, 42881, 10930
629, 0, 746, 865, 788, 499, 0.13%, 0, 0, 2, 32.69, 43073, 10962
634, 0, 746, 865, 788, 499, 0.13%, 0, 0, 2, 40.35, 43266, 10962
639, 0, 746, 865, 788, 499, 0.13%, 0, 0, 2, 42.19, 43484, 10962
644, 0, 242, 865, 787, 498, 0.13%, 0, 0, 2, 145.00, 43749, 10962
649, 0, 714, 865, 786, 497, 0.13%, 0, 0, 2, 102.30, 44210, 10962
654, 0, 686, 865, 785, 496, 0.13%, 0, 0, 2, 145.63, 44498, 10962
660, 0, 667, 865, 783, 494, 0.13%, 0, 0, 2, 17.95, 44965, 10962
665, 0, 282, 865, 781, 492, 0.13%, 0, 0, 2, 9.43, 45351, 10962
670, 0, 282, 865, 781, 492, 0.13%, 0, 0, 2, 31.95, 45550, 10962
675, 0, 64, 865, 779, 490, 0.13%, 0, 0, 2, 85.23, 46071, 10962
680, 0, 792, 865, 777, 488, 0.13%, 0, 0, 2, 121.95, 46513, 10962
686, 0, 298, 865, 776, 487, 0.13%, 0, 0, 2, 120.94, 46945, 10962
691, 0, 192, 866, 775, 485, 0.13%, 0, 0, 2, 58.10, 47407, 10962
696, 0, 292, 867, 775, 484, 0.13%, 0, 0, 2, 102.15, 47797, 10962
701, 0, 617, 867, 773, 482, 0.13%, 0, 0, 2, 143.56, 48223, 10962
706, 0, 723, 867, 771, 480, 0.13%, 0, 0, 2, 5.72, 48657, 10962
711, 0, 744, 867, 770, 479, 0.13%, 0, 0, 2, 102.32, 49115, 10962
716, 0, 247, 867, 768, 477, 0.13%, 0, 0, 2, 90.75, 49537, 10962
722, 0, 234, 868, 768, 476, 0.13%, 0, 0, 2, 69.68, 49908, 10962
727, 0, 405, 869, 768, 475, 0.13%, 0, 0, 2, 56.74, 50165, 10962
732, 0, 335, 869, 766, 473, 0.13%, 0, 0, 2, 84.47, 50663, 10962
737, 0, 675, 869, 765, 472, 0.13%, 0, 0, 2, 93.37, 51135, 10962
742, 0, 226, 869, 764, 471, 0.13%, 0, 0, 2, 36.01, 51410, 10962
747, 0, 346, 869, 762, 469, 0.13%, 0, 0, 2, 93.95, 51941, 10962
752, 0, 238, 870, 762, 468, 0.13%, 0, 0, 2, 89.38, 52345, 10964
757, 0, 489, 870, 760, 467, 0.13%, 0, 0, 2, 94.79, 52718, 10964
762, 0, 352, 870, 759, 466, 0.13%, 0, 0, 2, 99.27, 53146, 10964
767, 0, 209, 872, 760, 465, 0.13%, 0, 0, 2, 83.43, 53468, 10969
772, 0, 831, 872, 759, 465, 0.13%, 0, 0, 2, 75.44, 53792, 10969
778, 0, 272, 872, 758, 464, 0.13%, 0, 0, 2, 140.07, 54136, 10969
783, 0, 151, 873, 758, 463, 0.13%, 0, 0, 2, 31.37, 54404, 11005
788, 0, 655, 874, 758, 463, 0.13%, 0, 0, 2, 105.87, 54685, 11013
793, 0, 125, 874, 756, 462, 0.13%, 0, 0, 2, 82.56, 55059, 11013
798, 0, 604, 874, 755, 461, 0.13%, 0, 0, 2, 100.46, 55544, 11013
803, 0, 581, 874, 753, 459, 0.13%, 0, 0, 2, 94.12, 56008, 11013
808, 0, 85, 874, 751, 457, 0.13%, 0, 0, 2, 84.13, 56450, 11013
813, 0, 168, 875, 751, 456, 0.13%, 0, 0, 2, 72.86, 56752, 11016
818, 0, 343, 875, 750, 455, 0.13%, 0, 0, 2, 82.42, 57200, 11016
823, 0, 152, 875, 748, 453, 0.13%, 0, 0, 2, 76.67, 57607, 11016
829, 0, 786, 875, 747, 452, 0.13%, 0, 0, 2, 89.83, 57996, 11016
834, 0, 845, 876, 747, 451, 0.13%, 0, 0, 3, 123.61, 58450, 11016
840, 0, 449, 877, 746, 449, 0.13%, 0, 0, 3, 6.15, 58824, 11016
845, 0, 291, 877, 745, 448, 0.13%, 0, 0, 3, 106.01, 59338, 11016
850, 0, 643, 877, 743, 446, 0.13%, 0, 0, 3, 106.46, 59865, 11016
855, 0, 188, 879, 744, 445, 0.13%, 0, 0, 3, 83.92, 60233, 11017
860, 0, 783, 880, 744, 445, 0.13%, 0, 0, 3, 134.10, 60598, 11022
865, 0, 389, 881, 743, 443, 0.13%, 0, 0, 3, 20.83, 61078, 11022
870, 0, 160, 881, 742, 442, 0.13%, 0, 0, 3, 42.65, 61401, 11022
875, 0, 549, 881, 741, 441, 0.13%, 0, 0, 3, 38.06, 61614, 11022
880, 0, 315, 882, 741, 440, 0.13%, 0, 0, 3, 94.88, 62158, 11022
886, 0, 590, 883, 740, 439, 0.13%, 0, 0, 3, 17.14, 62492, 11022
891, 0, 113, 883, 739, 438, 0.13%, 0, 0, 3, 88.46, 62838, 11022
897, 0, 656, 884, 738, 435, 0.13%, 0, 0, 3, 9.73, 63325, 11022
902, 0, 381, 884, 737, 434, 0.13%, 0, 0, 3, 107.05, 63875, 11022
907, 0, 851, 884, 735, 432, 0.13%, 0, 0, 3, 96.88, 64304, 11022
912, 0, 555, 884, 733, 430, 0.13%, 0, 0, 3, 109.07, 64859, 11022
918, 0, 362, 884, 731, 428, 0.13%, 0, 0, 3, 105.69, 65357, 11022
924, 0, 314, 884, 729, 426, 0.13%, 0, 0, 3, 12.37, 65762, 11022
929, 0, 427, 884, 728, 425, 0.13%, 0, 0, 3, 96.76, 66211, 11022
934, 0, 755, 884, 726, 423, 0.13%, 0, 0, 3, 93.46, 66702, 11022
940, 0, 431, 886, 726, 421, 0.13%, 0, 0, 3, 6.33, 67155, 11022
945, 0, 184, 887, 726, 420, 0.14%, 0, 0, 3, 124.54, 67476, 11499
951, 0, 184, 894, 733, 420, 0.14%, 0, 0, 3, 95.91, 67814, 11515
956, 0, 184, 898, 737, 420, 0.14%, 0, 0, 3, 100.51, 68194, 11525
961, 0, 184, 901, 740, 420, 0.14%, 0, 0, 3, 99.74, 68621, 11530
966, 0, 184, 901, 740, 420, 0.14%, 0, 0, 3, 97.63, 69106, 11530
971, 0, 184, 903, 742, 420, 0.14%, 0, 0, 3, 88.12, 69535, 11532
976, 0, 184, 906, 745, 420, 0.14%, 0, 0, 3, 89.59, 69922, 11542
981, 0, 184, 907, 746, 420, 0.14%, 0, 0, 3, 101.19, 70424, 11543
987, 0, 184, 907, 746, 420, 0.14%, 0, 0, 3, 109.86, 70960, 11543
992, 0, 184, 908, 747, 420, 0.14%, 0, 0, 3, 108.14, 71444, 11544
997, 0, 184, 909, 748, 420, 0.14%, 0, 0, 3, 97.85, 71912, 11545
1002, 0, 184, 909, 748, 420, 0.14%, 0, 0, 3, 92.20, 72401, 11545
1008, 0, 354, 909, 747, 424, 0.14%, 0, 0, 3, 14.73, 72766, 11545
1013, 0, 101, 909, 746, 423, 0.14%, 0, 0, 3, 137.03, 73282, 11545
1018, 0, 181, 909, 744, 421, 0.14%, 0, 0, 3, 95.82, 73714, 11545
1024, 0, 212, 910, 744, 420, 0.14%, 0, 0, 3, 28.70, 73908, 11547
1029, 0, 279, 910, 743, 419, 0.14%, 0, 0, 3, 111.52, 74287, 11547
1034, 0, 280, 911, 743, 418, 0.14%, 0, 0, 3, 93.73, 74708, 11547
1039, 0, 153, 911, 742, 417, 0.14%, 0, 0, 3, 31.96, 75047, 11547
1045, 0, 409, 911, 741, 416, 0.14%, 0, 0, 3, 68.07, 75393, 11547
1050, 0, 858, 912, 741, 415, 0.14%, 0, 0, 3, 84.29, 75793, 11547
1055, 0, 217, 913, 741, 415, 0.14%, 0, 0, 3, 101.49, 76131, 11547
1060, 0, 412, 913, 740, 415, 0.14%, 0, 0, 3, 134.03, 76510, 11547
1065, 0, 369, 914, 740, 414, 0.14%, 0, 0, 3, 120.18, 77064, 11550
1070, 0, 386, 914, 738, 413, 0.14%, 0, 0, 3, 107.76, 77459, 11550
1075, 0, 766, 914, 736, 411, 0.14%, 0, 0, 3, 80.09, 77949, 11550
1080, 0, 712, 915, 736, 410, 0.14%, 0, 0, 3, 120.92, 78343, 11557
1085, 0, 520, 916, 735, 408, 0.14%, 0, 0, 3, 131.87, 78776, 11557
1091, 0, 406, 916, 734, 407, 0.14%, 0, 0, 3, 107.95, 79148, 11557
1096, 0, 63, 916, 731, 404, 0.14%, 0, 0, 3, 115.74, 79613, 11557
1101, 0, 78, 916, 730, 403, 0.14%, 0, 0, 3, 93.20, 80050, 11557
1106, 0, 607, 916, 728, 401, 0.14%, 0, 0, 3, 92.73, 80510, 11557
1111, 0, 235, 916, 727, 400, 0.14%, 0, 0, 3, 77.30, 80860, 11557
1116, 0, 793, 916, 725, 398, 0.14%, 0, 0, 3, 83.00, 81248, 11557
1121, 0, 798, 916, 724, 397, 0.14%, 0, 0, 3, 135.51, 81726, 11557
1126, 0, 889, 916, 722, 395, 0.14%, 0, 0, 3, 103.94, 82147, 11557
1132, 0, 691, 916, 720, 393, 0.14%, 0, 0, 3, 118.29, 82634, 11557
1137, 0, 284, 916, 719, 392, 0.14%, 0, 0, 3, 2.71, 83057, 11557
1142, 0, 432, 917, 718, 391, 0.14%, 0, 0, 3, 124.70, 83448, 11564
1147, 0, 119, 917, 716, 389, 0.14%, 0, 0, 3, 117.86, 84025, 11564
1152, 0, 724, 917, 715, 388, 0.14%, 0, 0, 3, 128.74, 84508, 11564
1157, 0, 159, 919, 716, 387, 0.14%, 0, 0, 3, 56.41, 84718, 11566
1162, 0, 159, 919, 716, 387, 0.14%, 0, 0, 3, 42.71, 84913, 11566
1169, 0, 856, 919, 715, 386, 0.14%, 0, 0, 3, 8.08, 85089, 11566
1174, 0, 496, 920, 715, 386, 0.14%, 0, 0, 3, 77.78, 85409, 11568
1179, 0, 911, 920, 714, 385, 0.14%, 0, 0, 3, 109.56, 85809, 11568
1184, 0, 919, 920, 713, 384, 0.14%, 0, 0, 3, 111.46, 86133, 11568
1189, 0, 626, 920, 711, 382, 0.14%, 0, 0, 3, 104.96, 86693, 11568
1194, 0, 539, 920, 709, 380, 0.14%, 0, 0, 3, 111.08, 87233, 11568
1199, 0, 73, 920, 708, 379, 0.14%, 0, 0, 3, 67.28, 87549, 11568
1204, 0, 726, 920, 706, 377, 0.14%, 0, 0, 3, 82.04, 87942, 11568
1210, 0, 753, 920, 705, 376, 0.14%, 0, 0, 3, 65.42, 88262, 11568
1215, 0, 825, 920, 704, 375, 0.14%, 0, 0, 3, 79.10, 88644, 11568
1220, 0, 263, 920, 702, 373, 0.14%, 0, 0, 3, 81.38, 88970, 11568
1225, 0, 356, 920, 700, 371, 0.14%, 0, 0, 3, 96.29, 89475, 11568
1230, 0, 562, 920, 699, 370, 0.14%, 0, 0, 3, 63.06, 89954, 11568
1235, 0, 624, 920, 697, 368, 0.14%, 0, 0, 3, 93.87, 90508, 11568
1240, 0, 630, 920, 695, 366, 0.14%, 0, 0, 3, 121.58, 91008, 11568
1245, 0, 407, 920, 693, 364, 0.14%, 0, 0, 3, 109.42, 91538, 11568
1251, 0, 106, 921, 692, 362, 0.14%, 0, 0, 3, 117.60, 92125, 11568
1256, 0, 411, 921, 690, 360, 0.14%, 0, 0, 3, 133.51, 92651, 11568
1261, 0, 205, 923, 691, 359, 0.14%, 0, 0, 3, 128.59, 92982, 11568
1266, 0, 473, 925, 692, 359, 0.14%, 0, 0, 3, 133.60, 93337, 11573
1271, 0, 351, 926, 692, 358, 0.14%, 0, 0, 3, 9.76, 93821, 11573
1276, 0, 228, 926, 690, 356, 0.14%, 0, 0, 3, 76.64, 94229, 11573
1282, 0, 797, 927, 690, 356, 0.14%, 0, 0, 3, 50.50, 94439, 11575
1287, 0, 323, 927, 689, 355, 0.14%, 0, 0, 3, 71.91, 94804, 11575
1292, 0, 530, 927, 688, 354, 0.14%, 0, 0, 3, 122.25, 95193, 11575
1297, 0, 456, 927, 686, 352, 0.14%, 0, 0, 3, 100.82, 95644, 11575
1302, 0, 310, 927, 684, 350, 0.14%, 0, 0, 3, 125.88, 96147, 11575
1307, 0, 440, 927, 682, 348, 0.14%, 0, 0, 3, 110.29, 96691, 11575
1312, 0, 681, 927, 680, 346, 0.14%, 0, 0, 3, 72.74, 97160, 11575
1317, 0, 664, 927, 679, 345, 0.14%, 0, 0, 3, 118.59, 97493, 11575
1322, 0, 276, 927, 678, 344, 0.14%, 0, 0, 3, 93.02, 97896, 11575
1328, 0, 376, 927, 677, 343, 0.14%, 0, 0, 3, 78.82, 98255, 11575
1333, 0, 420, 927, 677, 343, 0.14%, 0, 0, 3, 90.69, 98731, 11575
1338, 0, 683, 927, 675, 341, 0.14%, 0, 0, 3, 84.95, 99185, 11575
1343, 0, 774, 927, 673, 339, 0.14%, 0, 0, 3, 89.03, 99635, 11575
1348, 0, 654, 927, 671, 337, 0.14%, 0, 0, 3, 113.22, 100130, 11575
1353, 0, 452, 927, 670, 336, 0.14%, 0, 0, 3, 93.24, 100554, 11575
1358, 0, 380, 927, 668, 334, 0.14%, 0, 0, 3, 10.10, 100946, 11575
1363, 0, 380, 927, 668, 334, 0.14%, 0, 0, 3, 18.33, 101043, 11575
1368, 0, 380, 927, 668, 334, 0.14%, 0, 0, 3, 5.78, 101113, 11575
1373, 0, 387, 927, 667, 333, 0.14%, 0, 0, 3, 61.99, 101300, 11575
1378, 0, 281, 927, 665, 331, 0.14%, 0, 0, 3, 90.68, 101828, 11575
1384, 0, 384, 927, 664, 330, 0.14%, 0, 0, 3, 62.58, 102081, 11575
1389, 0, 829, 927, 663, 329, 0.14%, 0, 0, 3, 85.16, 102542, 11575
1394, 0, 393, 927, 661, 327, 0.14%, 0, 0, 3, 95.37, 103040, 11575
1399, 0, 302, 927, 659, 325, 0.14%, 0, 0, 3, 116.05, 103613, 11575
1404, 0, 705, 927, 657, 323, 0.14%, 0, 0, 3, 91.77, 104034, 11575
1409, 0, 467, 927, 655, 321, 0.14%, 0, 0, 3, 101.94, 104568, 11575
1415, 0, 821, 927, 653, 319, 0.14%, 0, 0, 3, 9.20, 104976, 11575
1420, 0, 821, 927, 653, 319, 0.14%, 0, 0, 3, 10.18, 105027, 11575
1425, 0, 821, 927, 653, 319, 0.14%, 0, 0, 3, 8.54, 105067, 11575
1430, 0, 821, 927, 653, 319, 0.14%, 0, 0, 3, 11.28, 105119, 11575
1435, 0, 313, 927, 652, 318, 0.14%, 0, 0, 3, 114.02, 105207, 11575
1440, 0, 118, 928, 652, 318, 0.14%, 0, 0, 3, 4.58, 105561, 11576
1446, 0, 304, 928, 651, 317, 0.14%, 0, 0, 3, 134.44, 106159, 11576
1451, 0, 482, 928, 649, 315, 0.14%, 0, 0, 3, 109.31, 106620, 11576
1456, 0, 614, 929, 648, 313, 0.14%, 0, 0, 3, 19.23, 106989, 11576
1461, 0, 324, 929, 647, 312, 0.14%, 0, 0, 3, 96.60, 107475, 11576
1466, 0, 75, 930, 646, 310, 0.14%, 0, 0, 3, 105.54, 107986, 11576
1471, 0, 623, 930, 645, 309, 0.14%, 0, 0, 3, 96.74, 108490, 11576
1476, 0, 732, 930, 643, 307, 0.14%, 0, 0, 3, 88.89, 108908, 11576
1481, 0, 620, 930, 641, 305, 0.14%, 0, 0, 3, 136.32, 109429, 11576
1487, 0, 424, 930, 639, 303, 0.14%, 0, 0, 3, 99.84, 109885, 11576
1492, 0, 422, 930, 637, 301, 0.14%, 0, 0, 3, 100.81, 110389, 11576
1497, 0, 835, 930, 635, 299, 0.14%, 0, 0, 3, 98.00, 110873, 11576
1502, 0, 401, 932, 636, 298, 0.14%, 0, 0, 3, 139.74, 111216, 11578
1507, 0, 60, 932, 634, 296, 0.14%, 0, 0, 3, 145.42, 111679, 11578
1512, 0, 60, 932, 634, 296, 0.14%, 0, 0, 3, 113.96, 112194, 11578
1517, 0, 60, 932, 634, 296, 0.14%, 0, 0, 3, 70.49, 112670, 11578
1523, 0, 882, 932, 633, 295, 0.14%, 0, 0, 3, 75.48, 113096, 11578
1528, 0, 715, 933, 632, 294, 0.14%, 0, 0, 3, 2.31, 113543, 11578
1533, 0, 524, 933, 630, 292, 0.14%, 0, 0, 3, 114.93, 114133, 11578
1538, 0, 301, 933, 629, 291, 0.14%, 0, 0, 3, 82.90, 114538, 11578
1544, 0, 545, 933, 627, 289, 0.14%, 0, 0, 3, 83.50, 114967, 11578
1549, 0, 740, 934, 627, 288, 0.14%, 0, 0, 3, 66.35, 115408, 11578
1554, 0, 781, 934, 626, 287, 0.14%, 0, 0, 3, 92.59, 115783, 11578
1559, 0, 395, 935, 625, 285, 0.14%, 0, 0, 3, 104.79, 116180, 11578
1564, 0, 178, 936, 625, 284, 0.14%, 0, 0, 3, 92.82, 116619, 11578
1569, 0, 873, 937, 624, 282, 0.14%, 0, 0, 3, 91.61, 117076, 11584
1574, 0, 90, 937, 623, 282, 0.14%, 0, 0, 3, 124.98, 117432, 11584
1580, 0, 713, 937, 621, 280, 0.14%, 0, 0, 3, 68.07, 117908, 11584
1585, 0, 271, 938, 621, 279, 0.14%, 0, 0, 3, 141.50, 118341, 11585
1590, 0, 553, 938, 619, 277, 0.14%, 0, 0, 3, 128.05, 118966, 11585
1595, 0, 762, 938, 617, 275, 0.14%, 0, 0, 3, 121.84, 119368, 11585
1600, 0, 176, 938, 616, 274, 0.14%, 0, 0, 3, 94.47, 119809, 11585
1605, 0, 274, 938, 614, 272, 0.14%, 0, 0, 3, 111.21, 120367, 11585
1610, 0, 532, 938, 612, 270, 0.14%, 0, 0, 3, 92.01, 120784, 11585
1615, 0, 552, 938, 610, 268, 0.14%, 0, 0, 3, 103.76, 121317, 11585
1620, 0, 342, 938, 608, 266, 0.14%, 0, 0, 3, 17.70, 121754, 11585
1625, 0, 266, 938, 607, 265, 0.14%, 0, 0, 3, 112.72, 122258, 11585
1631, 0, 936, 938, 604, 262, 0.14%, 0, 0, 3, 106.20, 122796, 11585
1636, 0, 550, 938, 603, 261, 0.14%, 0, 0, 3, 124.03, 123122, 11585
1641, 0, 161, 938, 602, 260, 0.14%, 0, 0, 3, 25.94, 123466, 11585
1646, 0, 388, 938, 601, 259, 0.14%, 0, 0, 3, 73.03, 123886, 11585
1651, 0, 846, 938, 599, 257, 0.14%, 0, 0, 3, 90.24, 124362, 11585
1656, 0, 347, 938, 597, 255, 0.14%, 0, 0, 3, 105.86, 124887, 11585
1661, 0, 396, 938, 595, 253, 0.14%, 0, 0, 3, 118.98, 125374, 11585
1666, 0, 517, 938, 593, 251, 0.14%, 0, 0, 3, 96.66, 125832, 11585
1671, 0, 425, 939, 593, 250, 0.14%, 0, 0, 3, 126.06, 126223, 11587
1677, 0, 725, 939, 591, 248, 0.14%, 0, 0, 3, 122.87, 126619, 11587
1682, 0, 230, 939, 590, 247, 0.14%, 0, 0, 3, 10.47, 127012, 11587
1687, 0, 227, 939, 589, 246, 0.14%, 0, 0, 3, 64.32, 127270, 11587
1692, 0, 554, 939, 588, 245, 0.14%, 0, 0, 3, 144.19, 127558, 11587
1697, 0, 325, 939, 586, 243, 0.14%, 0, 0, 3, 138.61, 128035, 11587
1702, 0, 255, 939, 585, 242, 0.14%, 0, 0, 3, 111.96, 128514, 11587
1707, 0, 677, 939, 583, 240, 0.14%, 0, 0, 3, 95.34, 128976, 11587
1712, 0, 398, 939, 581, 238, 0.14%, 0, 0, 3, 97.44, 129460, 11587
1717, 0, 414, 939, 580, 237, 0.14%, 0, 0, 3, 91.42, 129887, 11587
1722, 0, 259, 939, 578, 235, 0.14%, 0, 0, 3, 74.26, 130238, 11587
1727, 0, 72, 940, 577, 234, 0.14%, 0, 0, 3, 80.25, 130563, 11587
1732, 0, 336, 941, 577, 233, 0.14%, 0, 0, 3, 73.18, 130994, 11587
1738, 0, 36, 941, 576, 232, 0.14%, 0, 0, 3, 78.43, 131417, 11587
1743, 0, 219, 941, 574, 231, 0.14%, 0, 0, 3, 132.49, 131785, 11587
1748, 0, 146, 941, 573, 230, 0.14%, 0, 0, 3, 102.05, 132160, 11587
1753, 0, 359, 941, 571, 228, 0.14%, 0, 0, 3, 3.12, 132584, 11587
1758, 0, 330, 941, 570, 227, 0.14%, 0, 0, 3, 103.15, 133088, 11587
1763, 0, 804, 941, 568, 225, 0.14%, 0, 0, 3, 78.65, 133533, 11587
1768, 0, 597, 941, 566, 223, 0.14%, 0, 0, 3, 96.02, 134002, 11587
1773, 0, 566, 942, 566, 222, 0.14%, 0, 0, 3, 48.94, 134383, 11587
1778, 0, 476, 942, 564, 220, 0.14%, 0, 0, 3, 85.18, 134866, 11587
1783, 0, 800, 942, 562, 218, 0.14%, 0, 0, 3, 104.67, 135394, 11587
1789, 0, 316, 942, 561, 217, 0.14%, 0, 0, 3, 89.38, 135848, 11587
1794, 0, 223, 942, 559, 215, 0.14%, 0, 0, 3, 96.89, 136315, 11587
1799, 0, 179, 944, 560, 214, 0.14%, 0, 0, 3, 92.47, 136768, 11587
1804, 0, 96, 944, 558, 212, 0.14%, 0, 0, 3, 106.38, 137288, 11587
1809, 0, 694, 944, 557, 211, 0.14%, 0, 0, 3, 99.30, 137759, 11587
1814, 0, 583, 944, 555, 209, 0.14%, 0, 0, 3, 94.35, 138200, 11587
1819, 0, 701, 945, 554, 207, 0.14%, 0, 0, 3, 127.37, 138724, 11587
1824, 0, 9, 945, 552, 205, 0.14%, 0, 0, 3, 104.59, 139265, 11587
1830, 0, 563, 945, 550, 203, 0.14%, 0, 0, 3, 102.89, 139750, 11587
1835, 0, 337, 945, 549, 202, 0.14%, 0, 0, 3, 52.82, 140134, 11587
1840, 0, 872, 945, 548, 201, 0.14%, 0, 0, 3, 46.99, 140356, 11587
1845, 0, 640, 946, 548, 201, 0.14%, 0, 0, 3, 10.26, 140556, 11588
1850, 0, 647, 946, 547, 200, 0.14%, 0, 0, 3, 126.59, 141054, 11588
1856, 0, 747, 946, 545, 198, 0.14%, 0, 0, 3, 114.16, 141600, 11588
1861, 0, 516, 946, 543, 196, 0.14%, 0, 0, 3, 110.35, 142125, 11588
1866, 0, 852, 946, 541, 194, 0.14%, 0, 0, 3, 13.04, 142491, 11588
1872, 0, 163, 947, 541, 194, 0.14%, 0, 0, 3, 16.21, 142843, 11589
1877, 0, 382, 948, 541, 194, 0.14%, 0, 0, 3, 127.61, 143231, 11590
1882, 0, 140, 948, 540, 193, 0.14%, 0, 0, 3, 110.91, 143718, 11590
1887, 0, 697, 948, 539, 192, 0.14%, 0, 0, 3, 103.40, 144206, 11590
1892, 0, 679, 950, 541, 192, 0.14%, 0, 0, 3, 79.61, 144492, 11606
1898, 0, 491, 950, 539, 190, 0.14%, 0, 0, 3, 105.78, 145002, 11606
1903, 0, 364, 950, 537, 188, 0.14%, 0, 0, 3, 98.68, 145496, 11606
1908, 0, 503, 950, 535, 186, 0.14%, 0, 0, 3, 18.32, 146000, 11606
1913, 0, 265, 950, 533, 184, 0.14%, 0, 0, 3, 26.16, 146417, 11606
1918, 0, 437, 950, 532, 183, 0.14%, 0, 0, 3, 44.50, 146690, 11606
1923, 0, 947, 950, 531, 182, 0.14%, 0, 0, 3, 78.29, 147130, 11606
1928, 0, 456, 950, 529, 180, 0.14%, 0, 0, 3, 106.14, 147546, 11606
1933, 0, 138, 950, 528, 179, 0.14%, 0, 0, 3, 98.96, 148011, 11606
1939, 0, 338, 951, 528, 178, 0.14%, 0, 0, 3, 77.57, 148420, 11611
1944, 0, 674, 951, 527, 179, 0.14%, 0, 0, 3, 121.90, 148836, 11611
1949, 0, 435, 951, 526, 178, 0.14%, 0, 0, 3, 115.95, 149228, 11611
1954, 0, 584, 951, 525, 177, 0.14%, 0, 0, 3, 108.96, 149703, 11611
1959, 0, 833, 951, 523, 175, 0.14%, 0, 0, 3, 131.52, 150176, 11611
1964, 0, 579, 952, 523, 175, 0.14%, 0, 0, 3, 118.60, 150563, 11613
1969, 0, 916, 952, 521, 173, 0.14%, 0, 0, 3, 95.88, 151045, 11613
1974, 0, 142, 952, 520, 172, 0.14%, 0, 0, 3, 125.52, 151384, 11613
1979, 0, 938, 952, 519, 171, 0.14%, 0, 0, 3, 65.58, 151770, 11613
1984, 0, 305, 952, 518, 170, 0.14%, 0, 0, 3, 103.95, 152137, 11613
1989, 0, 156, 952, 516, 168, 0.14%, 0, 0, 3, 94.88, 152435, 11613
1994, 0, 511, 952, 515, 167, 0.14%, 0, 0, 3, 144.28, 152804, 11613
2000, 0, 650, 952, 514, 166, 0.14%, 0, 0, 3, 146.34, 153230, 11613
2005, 0, 593, 952, 512, 164, 0.14%, 0, 0, 3, 75.57, 153703, 11613
2010, 0, 369, 953, 511, 163, 0.14%, 0, 0, 3, 5.33, 154085, 11625
2016, 0, 369, 954, 512, 163, 0.14%, 0, 0, 3, 130.25, 154562, 11631
2021, 0, 690, 954, 511, 163, 0.14%, 0, 0, 3, 115.50, 154940, 11631
2026, 0, 492, 954, 510, 162, 0.14%, 0, 0, 3, 57.14, 155414, 11631
2031, 0, 357, 956, 510, 160, 0.14%, 0, 0, 3, 98.48, 155930, 11633
2036, 0, 357, 958, 512, 160, 0.14%, 0, 0, 3, 117.16, 156516, 11635
2041, 0, 357, 960, 514, 160, 0.14%, 0, 0, 3, 121.13, 157144, 11635
2046, 0, 357, 960, 514, 160, 0.14%, 0, 0, 3, 126.90, 157792, 11635
2051, 0, 357, 960, 514, 160, 0.14%, 0, 0, 3, 117.58, 158380, 11635
2056, 0, 357, 960, 514, 160, 0.14%, 0, 0, 3, 123.25, 158988, 11635
2062, 0, 357, 961, 515, 160, 0.14%, 0, 0, 3, 119.79, 159625, 11643
2067, 0, 357, 961, 515, 160, 0.14%, 0, 0, 3, 132.46, 160301, 11643
2072, 0, 357, 962, 516, 160, 0.14%, 0, 0, 3, 104.66, 160838, 11644
2077, 0, 702, 962, 514, 163, 0.14%, 0, 0, 3, 107.62, 161201, 11644
2082, 0, 702, 962, 514, 163, 0.14%, 0, 0, 3, 101.64, 161677, 11644
2087, 0, 961, 962, 514, 163, 0.14%, 0, 0, 3, 138.47, 162093, 11644
2092, 0, 256, 962, 513, 162, 0.14%, 0, 0, 3, 77.04, 162427, 11644
2098, 0, 256, 962, 513, 162, 0.14%, 0, 0, 3, 107.04, 162990, 11644
2103, 0, 952, 965, 515, 161, 0.14%, 0, 0, 3, 122.70, 163423, 11660
2108, 0, 952, 966, 516, 161, 0.14%, 0, 0, 3, 113.71, 163824, 11666
2113, 0, 952, 967, 517, 161, 0.14%, 0, 0, 3, 94.25, 164201, 11667
2118, 0, 952, 968, 518, 161, 0.14%, 0, 0, 3, 84.81, 164657, 11672
2123, 0, 952, 968, 518, 161, 0.14%, 0, 0, 3, 119.39, 165298, 11672
2128, 0, 952, 968, 518, 161, 0.14%, 0, 0, 3, 119.89, 165886, 11672
2133, 0, 952, 968, 518, 161, 0.14%, 0, 0, 3, 113.90, 166434, 11672
2138, 0, 952, 968, 518, 161, 0.14%, 0, 0, 3, 97.05, 166939, 11672
2143, 0, 952, 968, 518, 161, 0.14%, 0, 0, 3, 102.30, 167461, 11672
2149, 0, 952, 969, 519, 161, 0.14%, 0, 0, 3, 20.91, 168063, 11678
2154, 0, 451, 969, 518, 167, 0.14%, 0, 0, 3, 128.71, 168453, 11678
2159, 0, 281, 969, 517, 166, 0.14%, 0, 0, 3, 18.21, 168778, 11678
2164, 0, 281, 969, 517, 166, 0.14%, 0, 0, 3, 62.16, 169031, 11678
2169, 0, 442, 969, 517, 166, 0.14%, 0, 0, 3, 84.76, 169400, 11678
2174, 0, 945, 969, 516, 165, 0.14%, 0, 0, 3, 30.61, 169664, 11678
2179, 0, 779, 969, 515, 164, 0.14%, 0, 0, 3, 106.75, 169850, 11678
2185, 0, 927, 969, 513, 162, 0.14%, 0, 0, 3, 113.76, 170312, 11678
2190, 0, 963, 969, 512, 161, 0.14%, 0, 0, 3, 96.60, 170734, 11678
2195, 0, 475, 969, 510, 159, 0.14%, 0, 0, 3, 118.71, 171159, 11678
2200, 0, 529, 970, 510, 158, 0.14%, 0, 0, 3, 98.66, 171610, 11678
2205, 0, 166, 970, 508, 157, 0.14%, 0, 0, 3, 121.65, 172011, 11678
2210, 0, 345, 970, 506, 155, 0.14%, 0, 0, 3, 109.72, 172535, 11678
2215, 0, 486, 970, 505, 154, 0.14%, 0, 0, 3, 73.50, 172992, 11678
2220, 0, 561, 970, 503, 152, 0.14%, 0, 0, 3, 104.41, 173533, 11678
2225, 0, 561, 970, 503, 152, 0.14%, 0, 0, 3, 83.73, 173952, 11678
2230, 0, 964, 970, 502, 151, 0.14%, 0, 0, 3, 100.98, 174449, 11678
2236, 0, 221, 970, 501, 150, 0.14%, 0, 0, 3, 69.71, 174772, 11678
2241, 0, 221, 970, 501, 150, 0.14%, 0, 0, 3, 21.76, 174926, 11678
2246, 0, 709, 970, 499, 148, 0.14%, 0, 0, 3, 76.78, 175370, 11678
2251, 0, 897, 970, 497, 146, 0.14%, 0, 0, 3, 124.08, 175774, 11678
2256, 0, 419, 970, 496, 145, 0.14%, 0, 0, 3, 115.53, 176181, 11678
2261, 0, 558, 970, 494, 143, 0.14%, 0, 0, 3, 102.15, 176631, 11678
2266, 0, 612, 970, 492, 141, 0.14%, 0, 0, 3, 112.20, 177063, 11678
2272, 0, 111, 970, 490, 139, 0.14%, 0, 0, 3, 114.61, 177618, 11678
2277, 0, 533, 970, 489, 138, 0.14%, 0, 0, 3, 100.02, 178073, 11678
2282, 0, 827, 970, 487, 136, 0.14%, 0, 0, 3, 100.49, 178581, 11678
2287, 0, 773, 970, 485, 134, 0.14%, 0, 0, 3, 89.80, 179011, 11678
2292, 0, 155, 970, 483, 132, 0.14%, 0, 0, 3, 98.22, 179511, 11678
2297, 0, 494, 970, 482, 131, 0.14%, 0, 0, 3, 82.01, 179931, 11678
2302, 0, 926, 970, 480, 129, 0.14%, 0, 0, 3, 86.41, 180413, 11678
2307, 0, 507, 970, 479, 128, 0.14%, 0, 0, 3, 123.30, 180752, 11678
2312, 0, 588, 970, 477, 126, 0.14%, 0, 0, 3, 133.09, 181240, 11678
2318, 0, 969, 970, 475, 124, 0.14%, 0, 0, 3, 112.27, 181828, 11678
2323, 0, 686, 970, 474, 123, 0.14%, 0, 0, 3, 31.57, 182065, 11678
2328, 0, 686, 970, 474, 123, 0.14%, 0, 0, 3, 79.65, 182500, 11678
2333, 0, 158, 970, 474, 123, 0.14%, 0, 0, 3, 62.25, 182818, 11678
2338, 0, 508, 970, 473, 122, 0.14%, 0, 0, 3, 107.61, 183129, 11678
2343, 0, 508, 970, 473, 122, 0.14%, 0, 0, 3, 97.00, 183598, 11678
2348, 0, 727, 970, 472, 121, 0.14%, 0, 0, 3, 100.91, 184123, 11678
2353, 0, 799, 970, 470, 119, 0.14%, 0, 0, 3, 118.04, 184708, 11678
2358, 0, 392, 970, 468, 117, 0.14%, 0, 0, 3, 115.58, 185126, 11678
2364, 0, 742, 970, 467, 116, 0.14%, 0, 0, 3, 3.88, 185558, 11678
2369, 0, 474, 970, 464, 113, 0.14%, 0, 0, 3, 101.41, 186037, 11678
2374, 0, 950, 970, 463, 112, 0.14%, 0, 0, 3, 101.29, 186542, 11678
2379, 0, 638, 970, 461, 110, 0.14%, 0, 0, 3, 14.89, 187065, 11678
2385, 0, 960, 971, 461, 109, 0.14%, 0, 0, 3, 66.07, 187459, 11679
2390, 0, 946, 971, 459, 108, 0.14%, 0, 0, 3, 47.91, 187759, 11679
2395, 0, 803, 971, 458, 107, 0.14%, 0, 0, 3, 70.62, 188153, 11679
2400, 0, 803, 971, 458, 107, 0.14%, 0, 0, 3, 89.87, 188634, 11679
2405, 0, 803, 972, 459, 107, 0.14%, 0, 0, 3, 81.84, 189047, 11679
2410, 0, 733, 972, 458, 106, 0.14%, 0, 0, 3, 102.59, 189587, 11679
2415, 0, 956, 973, 457, 104, 0.14%, 0, 0, 3, 105.79, 190117, 11684
2420, 0, 219, 973, 456, 104, 0.14%, 0, 0, 3, 133.78, 190476, 11684
2426, 0, 145, 973, 456, 104, 0.14%, 0, 0, 3, 7.44, 190870, 11684
2431, 0, 609, 973, 455, 103, 0.14%, 0, 0, 3, 0.77, 191060, 11684
2436, 0, 182, 973, 454, 102, 0.14%, 0, 0, 3, 108.36, 191552, 11684
2441, 0, 696, 973, 452, 100, 0.14%, 0, 0, 3, 105.73, 191891, 11684
2446, 0, 729, 973, 451, 99, 0.14%, 0, 0, 3, 91.90, 192359, 11684
2451, 0, 760, 973, 449, 97, 0.14%, 0, 0, 3, 103.33, 192915, 11684
2456, 0, 972, 973, 449, 97, 0.14%, 0, 0, 3, 108.05, 193423, 11684
2461, 0, 240, 973, 447, 95, 0.14%, 0, 0, 3, 96.27, 193887, 11684
2466, 0, 212, 973, 446, 94, 0.14%, 0, 0, 3, 129.17, 194365, 11684
2471, 0, 466, 973, 446, 94, 0.14%, 0, 0, 3, 112.14, 194699, 11684
2477, 0, 582, 973, 445, 93, 0.14%, 0, 0, 3, 92.91, 195105, 11684
2482, 0, 582, 973, 445, 93, 0.14%, 0, 0, 3, 122.87, 195651, 11684
2487, 0, 17, 973, 444, 92, 0.14%, 0, 0, 3, 146.47, 196089, 11684
2492, 0, 504, 974, 443, 91, 0.14%, 0, 0, 3, 82.78, 196558, 11688
2497, 0, 518, 974, 442, 90, 0.14%, 0, 0, 3, 127.94, 197006, 11688
2502, 0, 405, 974, 441, 89, 0.14%, 0, 0, 3, 20.48, 197450, 11688
2507, 0, 618, 974, 441, 89, 0.14%, 0, 0, 3, 100.44, 197889, 11688
2512, 0, 173, 975, 441, 88, 0.14%, 0, 0, 3, 141.53, 198386, 11688
2518, 0, 687, 975, 440, 87, 0.14%, 0, 0, 3, 145.00, 198741, 11688
2523, 0, 930, 976, 439, 85, 0.14%, 0, 0, 4, 20.19, 199189, 11694
2528, 0, 923, 978, 440, 85, 0.14%, 0, 0, 4, 96.39, 199557, 11695
2533, 0, 923, 982, 444, 85, 0.14%, 0, 0, 4, 113.81, 200115, 11695
2538, 0, 923, 984, 446, 85, 0.14%, 0, 0, 4, 112.46, 200650, 11695
2543, 0, 923, 987, 449, 85, 0.14%, 0, 0, 4, 104.69, 201160, 11695
2548, 0, 923, 989, 451, 85, 0.14%, 0, 0, 4, 112.10, 201738, 11695
2553, 0, 923, 989, 451, 85, 0.14%, 0, 0, 4, 132.34, 202302, 11695
2558, 0, 923, 989, 451, 85, 0.14%, 0, 0, 4, 133.87, 202866, 11695
2563, 0, 923, 989, 451, 85, 0.14%, 0, 0, 4, 127.68, 203484, 11695
2568, 0, 923, 990, 452, 85, 0.14%, 0, 0, 4, 130.12, 204129, 11695
2573, 0, 923, 990, 452, 85, 0.14%, 0, 0, 4, 113.31, 204669, 11695
2579, 0, 423, 990, 450, 84, 0.14%, 0, 0, 4, 96.72, 205015, 11695
2584, 0, 697, 990, 449, 83, 0.14%, 0, 0, 4, 111.90, 205481, 11695
2589, 0, 326, 990, 448, 82, 0.14%, 0, 0, 4, 117.03, 206068, 11695
2594, 0, 443, 990, 447, 81, 0.14%, 0, 0, 4, 116.99, 206474, 11695
2599, 0, 989, 990, 446, 80, 0.14%, 0, 0, 4, 115.79, 206917, 11695
2604, 0, 947, 990, 445, 79, 0.14%, 0, 0, 4, 119.38, 207315, 11695
2609, 0, 138, 990, 445, 79, 0.14%, 0, 0, 4, 108.22, 207777, 11695
2615, 0, 689, 990, 445, 79, 0.14%, 0, 0, 4, 116.05, 208235, 11695
2620, 0, 819, 990, 443, 77, 0.14%, 0, 0, 4, 74.51, 208656, 11695
2625, 0, 149, 991, 442, 77, 0.14%, 0, 0, 4, 133.04, 209136, 11695
2630, 0, 505, 991, 441, 76, 0.14%, 0, 0, 4, 130.30, 209552, 11695
2635, 0, 958, 992, 440, 74, 0.14%, 0, 0, 4, 14.50, 209942, 11695
2640, 0, 57, 992, 439, 73, 0.14%, 0, 0, 4, 113.77, 210478, 11695
2645, 0, 187, 992, 437, 71, 0.14%, 0, 0, 4, 107.05, 210983, 11695
2650, 0, 916, 992, 435, 69, 0.14%, 0, 0, 4, 84.83, 211453, 11695
2655, 0, 686, 993, 436, 70, 0.14%, 0, 0, 4, 72.15, 211760, 11698
2660, 0, 916, 993, 436, 70, 0.14%, 0, 0, 4, 85.62, 212219, 11698
2666, 0, 121, 993, 435, 69, 0.14%, 0, 0, 4, 12.46, 212704, 11698
2671, 0, 660, 993, 434, 68, 0.14%, 0, 0, 4, 60.69, 212965, 11698
2676, 0, 699, 993, 433, 67, 0.14%, 0, 0, 4, 81.26, 213426, 11698
2681, 0, 98, 993, 431, 65, 0.14%, 0, 0, 4, 97.08, 213946, 11698
2686, 0, 275, 993, 429, 63, 0.14%, 0, 0, 4, 114.37, 214352, 11698
2691, 0, 790, 993, 429, 63, 0.14%, 0, 0, 4, 105.04, 214871, 11698
2696, 0, 340, 993, 427, 61, 0.14%, 0, 0, 4, 122.90, 215354, 11698
2701, 0, 729, 994, 427, 60, 0.14%, 0, 0, 4, 110.04, 215877, 11699
2706, 0, 729, 994, 427, 60, 0.14%, 0, 0, 4, 105.00, 216378, 11699
2712, 0, 976, 994, 427, 60, 0.14%, 0, 0, 4, 98.06, 216854, 11699
2718, 0, 78, 995, 427, 60, 0.14%, 0, 0, 4, 7.76, 217360, 11713
2723, 0, 78, 997, 429, 60, 0.14%, 0, 0, 4, 95.85, 217827, 11724
2728, 0, 78, 997, 429, 60, 0.14%, 0, 0, 4, 118.66, 218255, 11724
2733, 0, 78, 997, 429, 60, 0.14%, 0, 0, 4, 107.65, 218773, 11724
2738, 0, 78, 997, 429, 60, 0.14%, 0, 0, 4, 121.68, 219233, 11724
2743, 0, 994, 997, 429, 62, 0.14%, 0, 0, 4, 99.00, 219613, 11724
2748, 0, 764, 997, 428, 61, 0.14%, 0, 0, 4, 66.46, 219908, 11724
2754, 0, 744, 997, 426, 59, 0.14%, 0, 0, 4, 98.09, 220452, 11724
2759, 0, 744, 997, 426, 59, 0.14%, 0, 0, 4, 57.39, 220894, 11724
2764, 0, 418, 997, 425, 58, 0.14%, 0, 0, 4, 9.33, 221286, 11724
2769, 0, 132, 998, 425, 57, 0.14%, 0, 0, 4, 102.54, 221740, 11725
2774, 0, 991, 1000, 426, 56, 0.14%, 0, 0, 4, 107.85, 222239, 11730
2779, 0, 772, 1001, 426, 57, 0.14%, 0, 0, 4, 83.33, 222533, 11730
2785, 0, 967, 1001, 425, 56, 0.14%, 0, 0, 4, 73.10, 222978, 11730
2790, 0, 535, 1001, 424, 55, 0.14%, 0, 0, 4, 91.45, 223462, 11730
2795, 0, 995, 1001, 424, 55, 0.14%, 0, 0, 4, 103.44, 223955, 11730
2800, 0, 477, 1001, 422, 53, 0.14%, 0, 0, 4, 100.83, 224480, 11730
2805, 0, 139, 1002, 421, 51, 0.14%, 0, 0, 4, 96.24, 224937, 11730
2811, 0, 399, 1002, 419, 49, 0.14%, 0, 0, 4, 2.99, 225350, 11730
2816, 0, 300, 1003, 419, 48, 0.14%, 0, 0, 4, 95.26, 225838, 11755
2821, 0, 10, 1003, 418, 48, 0.14%, 0, 0, 4, 140.10, 226068, 11755
2826, 0, 1002, 1003, 417, 47, 0.14%, 0, 0, 4, 128.08, 226567, 11755
2831, 0, 522, 1003, 416, 46, 0.14%, 0, 0, 4, 120.17, 226862, 11755
2836, 0, 890, 1003, 415, 45, 0.14%, 0, 0, 4, 111.89, 227388, 11755
2843, 0, 235, 1003, 413, 43, 0.14%, 0, 0, 4, 2.95, 227862, 11755
2848, 0, 235, 1004, 414, 43, 0.14%, 0, 0, 4, 40.91, 228075, 11758
2853, 0, 290, 1004, 414, 44, 0.14%, 0, 0, 4, 65.98, 228395, 11758
2858, 0, 193, 1005, 413, 42, 0.14%, 0, 0, 4, 96.96, 228936, 11759
2863, 0, 968, 1005, 411, 40, 0.14%, 0, 0, 4, 113.91, 229484, 11759
2868, 0, 1003, 1005, 410, 39, 0.14%, 0, 0, 4, 56.78, 229774, 11759
2873, 0, 994, 1005, 409, 38, 0.14%, 0, 0, 4, 5.77, 229938, 11759
2878, 0, 186, 1009, 413, 39, 0.14%, 0, 0, 4, 123.02, 230342, 11769
2884, 0, 32, 1009, 412, 39, 0.14%, 0, 0, 4, 58.64, 230673, 11769
2889, 0, 1005, 1011, 413, 39, 0.14%, 0, 0, 5, 82.09, 231109, 11776
2894, 0, 291, 1012, 413, 41, 0.14%, 0, 0, 5, 14.76, 231342, 11804
2899, 0, 291, 1012, 413, 41, 0.14%, 0, 0, 5, 75.24, 231782, 11804
2904, 0, 291, 1012, 413, 41, 0.14%, 0, 0, 5, 86.86, 232211, 11804
2909, 0, 1011, 1014, 415, 41, 0.14%, 0, 0, 6, 89.54, 232653, 11876
2914, 0, 470, 1014, 414, 41, 0.14%, 0, 0, 6, 116.95, 233002, 11876
2920, 0, 1009, 1021, 421, 41, 0.14%, 0, 0, 6, 91.02, 233392, 11998
2925, 0, 1009, 1026, 426, 41, 0.14%, 0, 0, 6, 80.49, 233673, 12027
2930, 0, 1009, 1029, 429, 41, 0.14%, 0, 0, 6, 80.38, 234014, 12040
2935, 0, 1009, 1031, 431, 41, 0.14%, 0, 0, 6, 69.67, 234329, 12041
2940, 0, 1009, 1032, 432, 41, 0.14%, 0, 0, 6, 14.34, 234885, 12046
2945, 0, 1009, 1032, 432, 41, 0.14%, 0, 0, 6, 117.46, 235435, 12046
2951, 0, 1009, 1032, 432, 41, 0.14%, 0, 0, 6, 100.59, 235919, 12046
2956, 0, 1009, 1035, 435, 41, 0.14%, 0, 0, 6, 94.49, 236333, 12054
2961, 0, 1009, 1035, 435, 41, 0.14%, 0, 0, 6, 96.39, 236816, 12054
2966, 0, 1009, 1036, 436, 41, 0.14%, 0, 0, 6, 96.52, 237291, 12060
2971, 0, 1009, 1036, 436, 41, 0.14%, 0, 0, 6, 91.03, 237766, 12060
2976, 0, 1009, 1037, 437, 41, 0.14%, 0, 0, 6, 97.36, 238239, 12061
2981, 0, 162, 1037, 436, 52, 0.14%, 0, 0, 6, 68.97, 238511, 12061
2986, 0, 277, 1037, 435, 51, 0.14%, 0, 0, 6, 61.89, 238744, 12061
2991, 0, 537, 1037, 434, 50, 0.14%, 0, 0, 6, 58.43, 238965, 12061
2997, 0, 1031, 1038, 434, 49, 0.14%, 0, 0, 6, 82.10, 239426, 12061
3002, 0, 32, 1038, 433, 48, 0.14%, 0, 0, 6, 73.34, 239784, 12061
3007, 0, 784, 1038, 433, 48, 0.14%, 0, 0, 6, 92.20, 240234, 12061
3012, 0, 243, 1038, 433, 48, 0.14%, 0, 0, 6, 15.38, 240652, 12061
3017, 0, 666, 1038, 432, 47, 0.14%, 0, 0, 6, 115.40, 241023, 12061
3022, 0, 1032, 1039, 432, 46, 0.14%, 0, 0, 7, 90.27, 241428, 12104
3027, 0, 720, 1039, 431, 46, 0.14%, 0, 0, 7, 5.49, 241724, 12104
3032, 0, 720, 1040, 432, 46, 0.14%, 0, 0, 7, 113.55, 242148, 12113
3037, 0, 967, 1041, 433, 46, 0.14%, 0, 0, 7, 103.62, 242627, 12115
3042, 0, 672, 1041, 433, 47, 0.14%, 0, 0, 7, 121.37, 243029, 12115
3047, 0, 184, 1041, 432, 46, 0.14%, 0, 0, 7, 102.53, 243499, 12115
3052, 0, 1034, 1045, 436, 46, 0.14%, 0, 0, 7, 90.43, 243814, 12124
3057, 0, 1034, 1048, 439, 46, 0.14%, 0, 0, 7, 101.51, 244276, 12140
