# relative_time, cycles_done, cur_item, corpus_count, pending_total, pending_favs, map_size, saved_crashes, saved_hangs, max_depth, execs_per_sec, total_execs, edges_found
63, 0, 0, 45, 45, 1, 0.02%, 0, 0, 2, 108.32, 5126, 1921
69, 0, 0, 47, 47, 1, 0.02%, 0, 0, 2, 60.30, 5547, 1924
74, 0, 0, 48, 48, 1, 0.02%, 0, 0, 2, 86.68, 6044, 1924
79, 0, 0, 49, 49, 1, 0.02%, 0, 0, 2, 139.94, 6321, 1925
84, 0, 0, 50, 50, 1, 0.02%, 0, 0, 2, 123.22, 6914, 1925
89, 0, 0, 56, 56, 1, 0.02%, 0, 0, 2, 54.18, 7074, 1930
95, 0, 0, 59, 59, 1, 0.02%, 0, 0, 2, 14.02, 7157, 1930
100, 0, 0, 60, 60, 1, 0.02%, 0, 0, 2, 19.74, 7256, 1930
105, 0, 0, 62, 62, 1, 0.02%, 0, 0, 2, 22.41, 7366, 1930
110, 0, 0, 63, 63, 1, 0.02%, 0, 0, 2, 29.65, 7492, 1930
115, 0, 0, 65, 65, 1, 0.02%, 0, 0, 2, 42.39, 7626, 1930
120, 0, 0, 65, 65, 1, 0.02%, 0, 0, 2, 16.12, 7737, 1930
125, 0, 0, 67, 67, 1, 0.02%, 0, 0, 2, 25.12, 7883, 1930
131, 0, 0, 68, 68, 1, 0.02%, 0, 0, 2, 28.51, 8017, 1930
136, 0, 0, 68, 68, 1, 0.02%, 0, 0, 2, 65.05, 8162, 1930
141, 0, 0, 68, 68, 1, 0.02%, 0, 0, 2, 25.68, 8277, 1930
147, 0, 0, 68, 68, 1, 0.02%, 0, 0, 2, 25.30, 8400, 1930
152, 0, 0, 69, 69, 1, 0.02%, 0, 0, 2, 28.50, 8548, 1933
157, 0, 0, 69, 69, 1, 0.02%, 0, 0, 2, 35.70, 8721, 1933
163, 0, 0, 84, 83, 0, 0.04%, 0, 0, 2, 48.20, 8977, 3393
168, 0, 0, 102, 101, 0, 0.06%, 0, 0, 2, 44.76, 9165, 5443
173, 0, 0, 121, 120, 0, 0.07%, 0, 0, 2, 43.81, 9369, 5926
178, 0, 0, 141, 140, 0, 0.08%, 0, 0, 2, 45.71, 9565, 6362
183, 0, 0, 160, 159, 0, 0.08%, 0, 0, 2, 46.17, 9770, 6657
188, 0, 0, 185, 184, 0, 0.08%, 0, 0, 2, 51.21, 10013, 6971
193, 0, 0, 207, 206, 0, 0.09%, 0, 0, 2, 50.37, 10240, 7195
199, 0, 0, 219, 218, 0, 0.09%, 0, 0, 2, 39.90, 10381, 7225
204, 0, 0, 238, 237, 0, 0.09%, 0, 0, 2, 44.02, 10593, 7467
209, 0, 0, 263, 262, 0, 0.09%, 0, 0, 2, 48.33, 10827, 7711
214, 0, 0, 285, 284, 0, 0.09%, 0, 0, 2, 50.11, 11027, 7802
220, 0, 0, 309, 308, 0, 0.10%, 0, 0, 2, 49.31, 11267, 8326
225, 0, 0, 331, 330, 0, 0.10%, 0, 0, 2, 51.47, 11497, 8471
230, 0, 0, 349, 348, 0, 0.10%, 0, 0, 2, 49.48, 11712, 8589
235, 0, 0, 369, 368, 0, 0.10%, 0, 0, 2, 48.18, 11920, 8787
240, 0, 0, 385, 384, 0, 0.11%, 0, 0, 2, 44.84, 12121, 8882
245, 0, 0, 408, 407, 0, 0.11%, 0, 0, 2, 59.43, 12332, 8945
251, 0, 0, 437, 436, 0, 0.11%, 0, 0, 2, 58.21, 12608, 9076
256, 0, 0, 464, 463, 0, 0.11%, 0, 0, 2, 56.89, 12848, 9216
261, 0, 0, 490, 489, 0, 0.11%, 0, 0, 2, 55.36, 13106, 9313
266, 0, 0, 504, 503, 0, 0.11%, 0, 0, 2, 44.11, 13274, 9349
271, 0, 0, 526, 525, 0, 0.11%, 0, 0, 2, 49.22, 13503, 9444
277, 0, 0, 551, 550, 0, 0.11%, 0, 0, 2, 52.45, 13766, 9572
282, 0, 0, 576, 575, 0, 0.12%, 0, 0, 2, 51.45, 14020, 9722
287, 0, 0, 601, 600, 0, 0.12%, 0, 0, 2, 50.56, 14273, 9825
293, 0, 0, 627, 626, 0, 0.12%, 0, 0, 2, 52.64, 14514, 9900
298, 0, 0, 655, 654, 0, 0.12%, 0, 0, 2, 55.39, 14786, 10023
303, 0, 0, 679, 678, 0, 0.12%, 0, 0, 2, 53.79, 15036, 10116
308, 0, 0, 707, 706, 0, 0.12%, 0, 0, 2, 55.57, 15295, 10301
314, 0, 0, 725, 724, 0, 0.12%, 0, 0, 2, 47.03, 15493, 10351
319, 0, 0, 746, 745, 0, 0.13%, 0, 0, 2, 46.57, 15703, 10618
324, 0, 0, 767, 766, 0, 0.13%, 0, 0, 2, 48.66, 15908, 10708
329, 0, 0, 798, 797, 0, 0.13%, 0, 0, 2, 57.66, 16219, 10795
335, 0, 0, 823, 822, 0, 0.13%, 0, 0, 2, 54.90, 16482, 10844
340, 0, 460, 828, 827, 555, 0.13%, 0, 0, 2, 109.82, 16645, 10844
346, 0, 441, 828, 825, 553, 0.13%, 0, 0, 2, 11.57, 17122, 10844
351, 0, 12, 828, 824, 552, 0.13%, 0, 0, 2, 7.66, 17427, 10844
356, 0, 731, 828, 822, 550, 0.13%, 0, 0, 2, 95.03, 17796, 10844
362, 0, 531, 829, 822, 549, 0.13%, 0, 0, 2, 82.25, 18198, 10844
367, 0, 110, 829, 820, 548, 0.13%, 0, 0, 2, 90.90, 18562, 10844
372, 0, 409, 829, 818, 546, 0.13%, 0, 0, 2, 107.54, 19121, 10844
377, 0, 84, 830, 818, 545, 0.13%, 0, 0, 2, 113.49, 19654, 10845
382, 0, 659, 830, 817, 544, 0.13%, 0, 0, 2, 86.82, 19998, 10845
387, 0, 579, 830, 814, 541, 0.13%, 0, 0, 2, 109.44, 20554, 10845
392, 0, 579, 832, 816, 541, 0.13%, 0, 0, 2, 93.75, 20986, 10848
397, 0, 458, 832, 814, 541, 0.13%, 0, 0, 2, 123.09, 21403, 10848
402, 0, 250, 832, 813, 540, 0.13%, 0, 0, 2, 117.25, 21864, 10848
408, 0, 397, 833, 812, 538, 0.13%, 0, 0, 2, 98.46, 22292, 10851
413, 0, 571, 833, 810, 536, 0.13%, 0, 0, 2, 98.23, 22761, 10851
418, 0, 582, 833, 809, 535, 0.13%, 0, 0, 2, 102.54, 23255, 10851
423, 0, 756, 833, 808, 534, 0.13%, 0, 0, 2, 54.54, 23509, 10851
428, 0, 459, 833, 806, 532, 0.13%, 0, 0, 2, 90.26, 23947, 10851
433, 0, 635, 833, 804, 530, 0.13%, 0, 0, 2, 100.75, 24439, 10851
438, 0, 554, 833, 802, 528, 0.13%, 0, 0, 2, 107.04, 24974, 10851
444, 0, 706, 833, 800, 526, 0.13%, 0, 0, 2, 12.16, 25448, 10851
449, 0, 355, 834, 800, 526, 0.13%, 0, 0, 2, 131.03, 25899, 10851
454, 0, 831, 835, 800, 525, 0.13%, 0, 0, 2, 113.90, 26386, 10851
459, 0, 188, 835, 798, 523, 0.13%, 0, 0, 2, 103.39, 26830, 10851
464, 0, 555, 836, 797, 521, 0.13%, 0, 0, 2, 104.13, 27355, 10853
469, 0, 784, 836, 796, 521, 0.13%, 0, 0, 2, 29.87, 27704, 10853
474, 0, 266, 837, 795, 519, 0.13%, 0, 0, 2, 80.58, 28155, 10853
479, 0, 640, 838, 794, 517, 0.13%, 0, 0, 2, 111.67, 28722, 10855
484, 0, 379, 838, 793, 517, 0.13%, 0, 0, 2, 38.41, 29109, 10855
490, 0, 356, 839, 792, 515, 0.13%, 0, 0, 2, 97.08, 29650, 10855
495, 0, 694, 840, 792, 514, 0.13%, 0, 0, 2, 95.13, 30117, 10861
500, 0, 361, 845, 796, 514, 0.13%, 0, 0, 2, 115.48, 30513, 10874
505, 0, 361, 845, 796, 514, 0.13%, 0, 0, 2, 106.18, 31033, 10874
510, 0, 361, 847, 798, 514, 0.13%, 0, 0, 2, 111.52, 31556, 10875
515, 0, 361, 849, 800, 514, 0.13%, 0, 0, 2, 118.79, 32115, 10876
520, 0, 361, 850, 801, 514, 0.13%, 0, 0, 2, 107.90, 32660, 10877
525, 0, 361, 850, 801, 514, 0.13%, 0, 0, 2, 119.32, 33103, 10877
530, 0, 361, 850, 801, 514, 0.13%, 0, 0, 2, 133.28, 33665, 10877
536, 0, 361, 850, 801, 514, 0.13%, 0, 0, 2, 118.23, 34164, 10877
541, 0, 361, 850, 801, 514, 0.13%, 0, 0, 2, 118.76, 34728, 10877
546, 0, 361, 851, 802, 514, 0.13%, 0, 0, 2, 98.81, 35120, 10877
551, 0, 743, 851, 801, 517, 0.13%, 0, 0, 2, 127.40, 35476, 10877
556, 0, 843, 851, 799, 515, 0.13%, 0, 0, 2, 122.56, 36050, 10877
561, 0, 282, 851, 798, 514, 0.13%, 0, 0, 2, 105.37, 36376, 10877
566, 0, 651, 851, 796, 512, 0.13%, 0, 0, 2, 93.97, 36864, 10877
571, 0, 664, 851, 794, 510, 0.13%, 0, 0, 2, 87.48, 37316, 10877
576, 0, 695, 852, 794, 509, 0.13%, 0, 0, 2, 102.73, 37844, 10877
581, 0, 186, 853, 794, 506, 0.13%, 0, 0, 2, 111.77, 38260, 10877
587, 0, 455, 853, 792, 504, 0.13%, 0, 0, 2, 110.18, 38614, 10877
592, 0, 428, 854, 792, 503, 0.13%, 0, 0, 2, 112.63, 39025, 10878
597, 0, 763, 855, 792, 502, 0.13%, 0, 0, 2, 91.68, 39354, 10890
602, 0, 763, 855, 792, 502, 0.13%, 0, 0, 2, 55.90, 39583, 10890
607, 0, 748, 855, 790, 500, 0.13%, 0, 0, 2, 110.40, 40043, 10890
612, 0, 619, 855, 788, 498, 0.13%, 0, 0, 2, 112.16, 40522, 10890
617, 0, 227, 856, 788, 497, 0.13%, 0, 0, 2, 137.03, 40974, 10890
622, 0, 495, 856, 786, 495, 0.13%, 0, 0, 2, 110.31, 41296, 10890
628, 0, 402, 856, 785, 494, 0.13%, 0, 0, 2, 102.01, 41787, 10890
633, 0, 800, 856, 783, 492, 0.13%, 0, 0, 2, 94.83, 42249, 10890
638, 0, 851, 857, 782, 490, 0.13%, 0, 0, 3, 128.34, 42775, 10890
643, 0, 307, 857, 781, 488, 0.13%, 0, 0, 3, 72.10, 43110, 10890
648, 0, 132, 859, 782, 487, 0.13%, 0, 0, 3, 90.71, 43554, 10909
653, 0, 548, 859, 780, 485, 0.13%, 0, 0, 3, 137.96, 44068, 10909
658, 0, 680, 859, 778, 483, 0.13%, 0, 0, 3, 108.15, 44565, 10909
664, 0, 809, 859, 777, 482, 0.13%, 0, 0, 3, 91.52, 44997, 10909
669, 0, 741, 859, 775, 480, 0.13%, 0, 0, 3, 81.31, 45397, 10909
674, 0, 770, 860, 775, 479, 0.13%, 0, 0, 3, 101.65, 45897, 10918
679, 0, 502, 860, 773, 477, 0.13%, 0, 0, 3, 132.49, 46263, 10918
685, 0, 273, 860, 771, 475, 0.13%, 0, 0, 3, 6.40, 46738, 10918
690, 0, 200, 861, 771, 474, 0.13%, 0, 0, 3, 112.59, 47261, 10918
695, 0, 714, 862, 771, 474, 0.13%, 0, 0, 3, 101.68, 47622, 10919
701, 0, 733, 862, 769, 472, 0.13%, 0, 0, 3, 95.06, 48115, 10919
706, 0, 237, 862, 768, 471, 0.13%, 0, 0, 3, 22.07, 48386, 10919
711, 0, 610, 863, 767, 470, 0.13%, 0, 0, 3, 12.24, 48703, 10920
716, 0, 234, 863, 766, 469, 0.13%, 0, 0, 3, 83.87, 49111, 10920
721, 0, 697, 863, 765, 468, 0.13%, 0, 0, 3, 50.08, 49401, 10920
726, 0, 760, 863, 763, 466, 0.13%, 0, 0, 3, 81.32, 49827, 10920
731, 0, 476, 864, 763, 465, 0.13%, 0, 0, 3, 108.39, 50223, 10920
736, 0, 177, 865, 763, 464, 0.13%, 0, 0, 3, 59.43, 50629, 10921
741, 0, 690, 865, 761, 462, 0.13%, 0, 0, 3, 86.53, 51087, 10921
747, 0, 245, 865, 759, 460, 0.13%, 0, 0, 3, 93.05, 51591, 10921
752, 0, 245, 865, 759, 460, 0.13%, 0, 0, 3, 36.60, 51804, 10921
757, 0, 603, 865, 757, 458, 0.13%, 0, 0, 3, 78.10, 52246, 10921
762, 0, 655, 865, 755, 456, 0.13%, 0, 0, 3, 96.63, 52742, 10921
767, 0, 477, 865, 754, 455, 0.13%, 0, 0, 3, 89.92, 53163, 10921
772, 0, 681, 865, 752, 453, 0.13%, 0, 0, 3, 103.45, 53678, 10921
777, 0, 274, 865, 750, 451, 0.13%, 0, 0, 3, 113.18, 54024, 10921
782, 0, 345, 865, 749, 450, 0.13%, 0, 0, 3, 99.68, 54469, 10921
787, 0, 436, 866, 748, 449, 0.13%, 0, 0, 3, 16.22, 54871, 10922
792, 0, 52, 866, 747, 448, 0.13%, 0, 0, 3, 23.78, 55201, 10922
798, 0, 195, 867, 747, 447, 0.13%, 0, 0, 3, 47.72, 55453, 10927
803, 0, 195, 873, 753, 447, 0.14%, 0, 0, 3, 62.71, 55734, 11412
808, 0, 195, 878, 758, 447, 0.14%, 0, 0, 3, 61.50, 56084, 11422
813, 0, 195, 879, 759, 447, 0.14%, 0, 0, 3, 83.35, 56548, 11425
818, 0, 195, 880, 760, 447, 0.14%, 0, 0, 3, 95.42, 57014, 11426
824, 0, 195, 882, 762, 447, 0.14%, 0, 0, 3, 108.35, 57600, 11433
829, 0, 195, 883, 763, 447, 0.14%, 0, 0, 3, 136.43, 58173, 11434
834, 0, 195, 885, 765, 447, 0.14%, 0, 0, 3, 124.83, 58715, 11437
839, 0, 195, 886, 766, 447, 0.14%, 0, 0, 3, 124.10, 59319, 11438
844, 0, 195, 887, 767, 447, 0.14%, 0, 0, 3, 138.58, 59861, 11439
850, 0, 195, 888, 768, 447, 0.14%, 0, 0, 3, 131.18, 60352, 11445
855, 0, 195, 888, 768, 447, 0.14%, 0, 0, 3, 91.03, 60713, 11445
860, 0, 398, 888, 766, 449, 0.14%, 0, 0, 3, 99.42, 61044, 11445
865, 0, 244, 888, 764, 447, 0.14%, 0, 0, 3, 102.81, 61573, 11445
870, 0, 452, 888, 763, 446, 0.14%, 0, 0, 3, 77.28, 61892, 11445
875, 0, 778, 888, 762, 445, 0.14%, 0, 0, 3, 88.68, 62364, 11445
881, 0, 749, 888, 760, 443, 0.14%, 0, 0, 3, 93.64, 62816, 11445
886, 0, 453, 888, 758, 441, 0.14%, 0, 0, 3, 102.19, 63362, 11445
891, 0, 519, 889, 757, 439, 0.14%, 0, 0, 3, 98.48, 63853, 11445
896, 0, 445, 889, 756, 438, 0.14%, 0, 0, 3, 40.95, 64293, 11445
901, 0, 222, 890, 755, 436, 0.14%, 0, 0, 3, 143.48, 64839, 11445
907, 0, 866, 890, 753, 434, 0.14%, 0, 0, 3, 1.63, 65204, 11445
912, 0, 100, 890, 752, 433, 0.14%, 0, 0, 3, 78.86, 65552, 11445
917, 0, 85, 890, 751, 432, 0.14%, 0, 0, 3, 60.04, 65770, 11445
922, 0, 438, 890, 750, 431, 0.14%, 0, 0, 3, 129.70, 66226, 11445
927, 0, 545, 890, 748, 429, 0.14%, 0, 0, 3, 104.98, 66704, 11445
932, 0, 542, 890, 746, 427, 0.14%, 0, 0, 3, 94.13, 67133, 11445
938, 0, 618, 890, 745, 426, 0.14%, 0, 0, 3, 97.84, 67618, 11445
943, 0, 77, 891, 744, 424, 0.14%, 0, 0, 3, 105.75, 68167, 11446
948, 0, 598, 891, 743, 424, 0.14%, 0, 0, 3, 137.44, 68513, 11446
953, 0, 111, 891, 741, 422, 0.14%, 0, 0, 3, 107.50, 68977, 11446
958, 0, 523, 891, 740, 421, 0.14%, 0, 0, 3, 121.10, 69332, 11446
963, 0, 269, 891, 738, 419, 0.14%, 0, 0, 3, 124.10, 69871, 11446
968, 0, 294, 892, 737, 417, 0.14%, 0, 0, 3, 103.98, 70248, 11456
973, 0, 298, 892, 736, 417, 0.14%, 0, 0, 3, 78.78, 70606, 11456
979, 0, 298, 892, 736, 417, 0.14%, 0, 0, 3, 8.86, 70773, 11456
984, 0, 75, 893, 735, 415, 0.14%, 0, 0, 3, 84.65, 71214, 11456
989, 0, 871, 894, 735, 414, 0.14%, 0, 0, 3, 131.04, 71698, 11456
994, 0, 168, 894, 733, 412, 0.14%, 0, 0, 3, 133.58, 72132, 11456
999, 0, 668, 894, 732, 411, 0.14%, 0, 0, 3, 130.86, 72528, 11456
1004, 0, 233, 894, 730, 409, 0.14%, 0, 0, 3, 112.18, 73071, 11456
1009, 0, 660, 894, 728, 407, 0.14%, 0, 0, 3, 102.79, 73579, 11456
1015, 0, 774, 894, 726, 405, 0.14%, 0, 0, 3, 128.60, 73947, 11456
1020, 0, 444, 894, 725, 404, 0.14%, 0, 0, 3, 99.13, 74354, 11456
1025, 0, 553, 894, 723, 402, 0.14%, 0, 0, 3, 96.12, 74823, 11456
1030, 0, 173, 894, 722, 401, 0.14%, 0, 0, 3, 27.66, 75104, 11456
1035, 0, 710, 894, 721, 400, 0.14%, 0, 0, 3, 55.98, 75393, 11456
1040, 0, 420, 894, 719, 398, 0.14%, 0, 0, 3, 97.08, 75904, 11456
1045, 0, 346, 894, 717, 396, 0.14%, 0, 0, 3, 38.08, 76300, 11456
1050, 0, 887, 894, 716, 395, 0.14%, 0, 0, 3, 76.90, 76822, 11456
1055, 0, 669, 894, 714, 393, 0.14%, 0, 0, 3, 95.42, 77338, 11456
1061, 0, 318, 895, 713, 391, 0.14%, 0, 0, 3, 110.97, 77765, 11456
1066, 0, 758, 895, 712, 391, 0.14%, 0, 0, 3, 114.49, 78105, 11456
1071, 0, 81, 895, 711, 390, 0.14%, 0, 0, 3, 114.94, 78516, 11456
1076, 0, 590, 896, 710, 388, 0.14%, 0, 0, 3, 101.50, 79018, 11456
1081, 0, 389, 896, 709, 387, 0.14%, 0, 0, 3, 134.06, 79405, 11456
1086, 0, 413, 896, 707, 385, 0.14%, 0, 0, 3, 96.12, 79815, 11456
1091, 0, 220, 897, 707, 384, 0.14%, 0, 0, 3, 90.73, 80276, 11461
1096, 0, 228, 898, 707, 384, 0.14%, 0, 0, 3, 134.78, 80667, 11462
1102, 0, 595, 898, 705, 383, 0.14%, 0, 0, 3, 108.08, 81070, 11462
1107, 0, 236, 898, 703, 381, 0.14%, 0, 0, 3, 127.22, 81510, 11462
1112, 0, 236, 898, 703, 381, 0.14%, 0, 0, 3, 29.69, 81720, 11462
1117, 0, 357, 898, 701, 379, 0.14%, 0, 0, 3, 75.48, 82106, 11462
1122, 0, 403, 898, 700, 378, 0.14%, 0, 0, 3, 112.48, 82485, 11462
1127, 0, 166, 898, 698, 376, 0.14%, 0, 0, 3, 82.12, 82868, 11462
1133, 0, 296, 898, 697, 375, 0.14%, 0, 0, 3, 81.62, 83206, 11462
1138, 0, 792, 898, 695, 373, 0.14%, 0, 0, 3, 103.30, 83733, 11462
1143, 0, 894, 898, 693, 371, 0.14%, 0, 0, 3, 105.19, 84253, 11462
1148, 0, 525, 898, 691, 369, 0.14%, 0, 0, 3, 97.51, 84714, 11462
1153, 0, 653, 898, 690, 368, 0.14%, 0, 0, 3, 90.20, 85160, 11462
1158, 0, 390, 898, 688, 366, 0.14%, 0, 0, 3, 2.00, 85480, 11462
1164, 0, 390, 898, 688, 366, 0.14%, 0, 0, 3, 20.36, 85579, 11462
1169, 0, 390, 898, 688, 366, 0.14%, 0, 0, 3, 13.99, 85634, 11462
1174, 0, 390, 898, 688, 366, 0.14%, 0, 0, 3, 2.19, 85683, 11462
1179, 0, 483, 898, 687, 365, 0.14%, 0, 0, 3, 107.47, 85788, 11462
1184, 0, 335, 898, 686, 364, 0.14%, 0, 0, 3, 14.18, 86199, 11462
1190, 0, 301, 898, 684, 362, 0.14%, 0, 0, 3, 9.12, 86585, 11462
1195, 0, 522, 898, 683, 361, 0.14%, 0, 0, 3, 91.36, 87028, 11462
1200, 0, 773, 898, 681, 359, 0.14%, 0, 0, 3, 93.51, 87491, 11462
1205, 0, 465, 898, 681, 359, 0.14%, 0, 0, 3, 91.67, 87914, 11462
1210, 0, 688, 898, 680, 358, 0.14%, 0, 0, 3, 80.45, 88307, 11462
1215, 0, 353, 899, 679, 356, 0.14%, 0, 0, 3, 87.40, 88679, 11466
1220, 0, 353, 901, 681, 356, 0.14%, 0, 0, 3, 87.14, 89081, 11471
1225, 0, 735, 901, 680, 357, 0.14%, 0, 0, 3, 110.23, 89429, 11471
1231, 0, 570, 901, 678, 355, 0.14%, 0, 0, 3, 105.12, 89911, 11471
1236, 0, 153, 901, 677, 354, 0.14%, 0, 0, 3, 137.01, 90269, 11471
1241, 0, 576, 901, 675, 352, 0.14%, 0, 0, 3, 108.15, 90672, 11471
1247, 0, 418, 902, 674, 351, 0.14%, 0, 0, 3, 11.81, 91185, 11473
1252, 0, 755, 904, 675, 350, 0.14%, 0, 0, 3, 111.97, 91688, 11473
1257, 0, 715, 904, 674, 349, 0.14%, 0, 0, 3, 87.45, 92096, 11473
1262, 0, 674, 904, 672, 347, 0.14%, 0, 0, 3, 102.10, 92645, 11473
1267, 0, 302, 904, 670, 345, 0.14%, 0, 0, 3, 137.77, 93156, 11473
1272, 0, 899, 905, 670, 344, 0.14%, 0, 0, 3, 23.01, 93519, 11473
1278, 0, 899, 906, 671, 344, 0.14%, 0, 0, 3, 23.92, 93571, 11473
1283, 0, 899, 906, 671, 344, 0.14%, 0, 0, 3, 4.56, 93611, 11473
1288, 0, 899, 907, 672, 344, 0.14%, 0, 0, 3, 53.40, 93679, 11474
1294, 0, 899, 907, 672, 344, 0.14%, 0, 0, 3, 24.18, 93766, 11474
1299, 0, 899, 908, 673, 344, 0.14%, 0, 0, 3, 21.25, 93857, 11475
1305, 0, 899, 908, 673, 344, 0.14%, 0, 0, 3, 40.87, 93938, 11475
1310, 0, 899, 908, 673, 344, 0.14%, 0, 0, 3, 15.88, 94009, 11475
1315, 0, 899, 908, 673, 344, 0.14%, 0, 0, 3, 2.70, 94075, 11475
1321, 0, 899, 908, 673, 344, 0.14%, 0, 0, 3, 23.12, 94153, 11475
1326, 0, 899, 908, 673, 344, 0.14%, 0, 0, 3, 4.31, 94256, 11475
1331, 0, 899, 908, 673, 344, 0.14%, 0, 0, 3, 57.97, 94313, 11475
1336, 0, 754, 908, 671, 344, 0.14%, 0, 0, 3, 110.75, 94651, 11475
1341, 0, 689, 908, 670, 343, 0.14%, 0, 0, 3, 7.77, 95100, 11475
1346, 0, 98, 908, 669, 342, 0.14%, 0, 0, 3, 41.26, 95349, 11475
1351, 0, 766, 908, 668, 341, 0.14%, 0, 0, 3, 65.15, 95672, 11475
1356, 0, 408, 908, 666, 339, 0.14%, 0, 0, 3, 80.77, 96111, 11475
1362, 0, 896, 909, 666, 338, 0.14%, 0, 0, 3, 122.42, 96557, 11477
1367, 0, 467, 909, 664, 337, 0.14%, 0, 0, 3, 116.56, 96939, 11477
1372, 0, 396, 909, 663, 336, 0.14%, 0, 0, 3, 101.28, 97393, 11477
1377, 0, 572, 909, 661, 334, 0.14%, 0, 0, 3, 90.05, 97886, 11477
1382, 0, 425, 909, 659, 332, 0.14%, 0, 0, 3, 91.36, 98355, 11477
1387, 0, 242, 909, 657, 330, 0.14%, 0, 0, 3, 98.83, 98846, 11477
1392, 0, 480, 910, 656, 328, 0.14%, 0, 0, 3, 107.13, 99356, 11478
1397, 0, 588, 910, 655, 327, 0.14%, 0, 0, 3, 132.22, 99854, 11478
1402, 0, 721, 910, 653, 325, 0.14%, 0, 0, 3, 143.69, 100405, 11478
1407, 0, 277, 910, 651, 323, 0.14%, 0, 0, 3, 83.35, 100885, 11478
1412, 0, 632, 910, 649, 321, 0.14%, 0, 0, 3, 96.84, 101415, 11478
1417, 0, 650, 912, 650, 321, 0.15%, 0, 0, 3, 111.00, 101714, 12924
1423, 0, 291, 912, 649, 321, 0.15%, 0, 0, 3, 119.86, 102063, 12924
1428, 0, 291, 912, 649, 321, 0.15%, 0, 0, 3, 30.30, 102270, 12924
1433, 0, 152, 912, 647, 319, 0.15%, 0, 0, 3, 99.90, 102768, 12924
1438, 0, 716, 912, 645, 317, 0.15%, 0, 0, 3, 106.33, 103293, 12924
1443, 0, 804, 912, 644, 316, 0.15%, 0, 0, 3, 72.51, 103629, 12924
1448, 0, 400, 912, 642, 314, 0.15%, 0, 0, 3, 114.82, 104106, 12924
1453, 0, 729, 912, 640, 312, 0.15%, 0, 0, 3, 104.81, 104615, 12924
1458, 0, 558, 912, 638, 310, 0.15%, 0, 0, 3, 109.51, 105163, 12924
1463, 0, 521, 912, 636, 308, 0.15%, 0, 0, 3, 108.95, 105691, 12924
1469, 0, 364, 912, 634, 306, 0.15%, 0, 0, 3, 3.14, 106078, 12924
1474, 0, 517, 912, 633, 305, 0.15%, 0, 0, 3, 120.83, 106540, 12924
1479, 0, 178, 912, 631, 303, 0.15%, 0, 0, 3, 106.66, 107067, 12924
1485, 0, 794, 912, 629, 301, 0.15%, 0, 0, 3, 137.86, 107632, 12924
1490, 0, 634, 912, 627, 299, 0.15%, 0, 0, 3, 102.90, 108128, 12924
1495, 0, 629, 912, 626, 298, 0.15%, 0, 0, 3, 86.88, 108612, 12924
1500, 0, 750, 912, 626, 298, 0.15%, 0, 0, 3, 93.16, 109064, 12924
1505, 0, 526, 912, 624, 296, 0.15%, 0, 0, 3, 101.41, 109621, 12924
1510, 0, 679, 912, 622, 294, 0.15%, 0, 0, 3, 99.23, 110130, 12924
1516, 0, 742, 912, 620, 292, 0.15%, 0, 0, 3, 96.67, 110571, 12924
1521, 0, 363, 913, 619, 290, 0.15%, 0, 0, 3, 108.13, 111122, 12924
1526, 0, 580, 913, 617, 288, 0.15%, 0, 0, 3, 83.10, 111605, 12924
1531, 0, 866, 913, 616, 287, 0.15%, 0, 0, 3, 91.19, 112087, 12924
1536, 0, 599, 913, 615, 286, 0.15%, 0, 0, 3, 91.52, 112508, 12924
1542, 0, 910, 916, 617, 285, 0.15%, 0, 0, 3, 19.87, 112750, 12938
1547, 0, 910, 917, 618, 285, 0.15%, 0, 0, 3, 46.58, 113022, 12939
1552, 0, 910, 920, 621, 285, 0.15%, 0, 0, 3, 51.48, 113221, 12940
1557, 0, 910, 922, 623, 285, 0.15%, 0, 0, 3, 53.85, 113467, 12941
1562, 0, 910, 922, 623, 285, 0.15%, 0, 0, 3, 55.40, 113749, 12941
1567, 0, 910, 922, 623, 285, 0.15%, 0, 0, 3, 59.43, 114045, 12941
1572, 0, 910, 924, 625, 285, 0.15%, 0, 0, 3, 56.54, 114282, 12944
1578, 0, 910, 926, 627, 285, 0.15%, 0, 0, 3, 57.83, 114568, 12944
1583, 0, 910, 926, 627, 285, 0.15%, 0, 0, 3, 56.71, 114841, 12944
1588, 0, 910, 927, 628, 285, 0.15%, 0, 0, 3, 56.52, 115092, 12964
1593, 0, 910, 928, 629, 285, 0.15%, 0, 0, 3, 52.47, 115326, 12964
1598, 0, 910, 928, 629, 285, 0.15%, 0, 0, 3, 59.80, 115639, 12964
1603, 0, 910, 928, 629, 285, 0.15%, 0, 0, 3, 63.88, 115960, 12964
1609, 0, 910, 929, 630, 285, 0.15%, 0, 0, 3, 57.81, 116262, 12964
1614, 0, 910, 930, 631, 285, 0.15%, 0, 0, 3, 58.65, 116521, 12965
1619, 0, 910, 930, 631, 285, 0.15%, 0, 0, 3, 54.24, 116766, 12965
1624, 0, 910, 931, 632, 285, 0.15%, 0, 0, 3, 61.65, 117072, 12967
1629, 0, 910, 932, 633, 285, 0.15%, 0, 0, 3, 63.12, 117357, 12986
1634, 0, 910, 932, 633, 285, 0.15%, 0, 0, 3, 63.07, 117664, 12986
1639, 0, 910, 933, 634, 285, 0.15%, 0, 0, 3, 61.35, 117940, 12997
1644, 0, 910, 933, 634, 285, 0.15%, 0, 0, 3, 34.09, 118215, 12997
1650, 0, 910, 934, 635, 285, 0.15%, 0, 0, 3, 51.96, 118486, 12997
1655, 0, 910, 934, 635, 285, 0.15%, 0, 0, 3, 53.03, 118762, 12997
1660, 0, 910, 934, 635, 285, 0.15%, 0, 0, 3, 56.99, 119051, 12997
1665, 0, 910, 935, 636, 285, 0.15%, 0, 0, 3, 55.87, 119324, 12999
1670, 0, 910, 935, 636, 285, 0.15%, 0, 0, 3, 63.43, 119643, 12999
1675, 0, 86, 935, 635, 289, 0.15%, 0, 0, 3, 18.13, 119841, 12999
1680, 0, 712, 935, 633, 287, 0.15%, 0, 0, 3, 76.93, 120286, 12999
1686, 0, 919, 936, 633, 286, 0.15%, 0, 0, 4, 90.80, 120615, 12999
1691, 0, 14, 936, 632, 285, 0.15%, 0, 0, 4, 13.65, 121004, 12999
1696, 0, 705, 936, 630, 284, 0.15%, 0, 0, 4, 79.98, 121321, 12999
1701, 0, 430, 936, 628, 282, 0.15%, 0, 0, 4, 102.91, 121876, 12999
1706, 0, 639, 936, 627, 281, 0.15%, 0, 0, 4, 126.54, 122333, 12999
1711, 0, 73, 938, 627, 279, 0.15%, 0, 0, 4, 124.22, 122724, 12999
1716, 0, 383, 938, 626, 278, 0.15%, 0, 0, 4, 117.35, 123159, 12999
1722, 0, 840, 938, 625, 277, 0.15%, 0, 0, 4, 118.17, 123531, 12999
1727, 0, 114, 938, 623, 275, 0.15%, 0, 0, 4, 106.34, 124038, 12999
1732, 0, 154, 939, 622, 273, 0.15%, 0, 0, 4, 109.44, 124576, 12999
1737, 0, 788, 939, 621, 273, 0.15%, 0, 0, 4, 84.23, 124846, 12999
1742, 0, 529, 939, 619, 271, 0.15%, 0, 0, 4, 136.53, 125379, 12999
1747, 0, 336, 939, 617, 269, 0.15%, 0, 0, 4, 103.17, 125825, 12999
1752, 0, 539, 940, 617, 269, 0.15%, 0, 0, 4, 115.45, 126178, 13001
1757, 0, 93, 940, 615, 267, 0.15%, 0, 0, 4, 111.07, 126706, 13001
1762, 0, 106, 941, 615, 266, 0.15%, 0, 0, 4, 101.11, 127181, 13001
1768, 0, 646, 941, 613, 264, 0.15%, 0, 0, 4, 121.15, 127653, 13001
1773, 0, 698, 941, 612, 263, 0.15%, 0, 0, 4, 54.95, 127890, 13001
1778, 0, 439, 941, 610, 261, 0.15%, 0, 0, 4, 90.09, 128374, 13001
1783, 0, 185, 942, 610, 260, 0.15%, 0, 0, 4, 123.59, 128865, 13001
1788, 0, 238, 942, 609, 259, 0.15%, 0, 0, 4, 20.93, 129153, 13001
1793, 0, 171, 942, 608, 258, 0.15%, 0, 0, 4, 57.82, 129354, 13001
1798, 0, 171, 943, 609, 258, 0.16%, 0, 0, 4, 10.54, 129548, 13007
1803, 0, 117, 944, 609, 258, 0.16%, 0, 0, 4, 91.46, 129853, 13008
1809, 0, 170, 944, 607, 257, 0.16%, 0, 0, 4, 9.66, 130225, 13008
1814, 0, 170, 944, 607, 257, 0.16%, 0, 0, 4, 33.67, 130439, 13008
1819, 0, 566, 944, 605, 255, 0.16%, 0, 0, 4, 90.03, 130978, 13008
1824, 0, 557, 944, 603, 253, 0.16%, 0, 0, 4, 15.59, 131351, 13008
1829, 0, 661, 944, 602, 252, 0.16%, 0, 0, 4, 110.06, 131850, 13008
1834, 0, 182, 944, 600, 250, 0.16%, 0, 0, 4, 103.81, 132348, 13008
1839, 0, 713, 944, 598, 248, 0.16%, 0, 0, 4, 107.39, 132870, 13008
1844, 0, 862, 946, 599, 247, 0.16%, 0, 0, 4, 17.62, 133456, 13008
1849, 0, 811, 946, 597, 245, 0.16%, 0, 0, 4, 83.28, 133821, 13008
1854, 0, 654, 946, 596, 244, 0.16%, 0, 0, 4, 131.57, 134276, 13008
1859, 0, 856, 946, 594, 242, 0.16%, 0, 0, 4, 88.82, 134781, 13008
1865, 0, 198, 948, 594, 240, 0.16%, 0, 0, 4, 107.73, 135345, 13008
1870, 0, 252, 948, 593, 240, 0.16%, 0, 0, 4, 3.58, 135647, 13008
1875, 0, 534, 949, 593, 240, 0.16%, 0, 0, 4, 80.62, 136015, 13014
1881, 0, 509, 949, 592, 239, 0.16%, 0, 0, 4, 80.39, 136453, 13014
1886, 0, 768, 949, 590, 237, 0.16%, 0, 0, 4, 117.58, 136984, 13014
1891, 0, 701, 949, 588, 235, 0.16%, 0, 0, 4, 114.41, 137534, 13014
1896, 0, 837, 949, 586, 233, 0.16%, 0, 0, 4, 102.40, 138022, 13014
1901, 0, 450, 949, 585, 232, 0.16%, 0, 0, 4, 79.20, 138360, 13014
1907, 0, 147, 949, 583, 230, 0.16%, 0, 0, 4, 76.73, 138743, 13014
1912, 0, 270, 949, 582, 229, 0.16%, 0, 0, 4, 20.98, 139144, 13014
1917, 0, 581, 949, 580, 227, 0.16%, 0, 0, 4, 93.00, 139572, 13014
1922, 0, 327, 949, 578, 225, 0.16%, 0, 0, 4, 96.96, 140052, 13014
1927, 0, 844, 949, 577, 224, 0.16%, 0, 0, 4, 102.05, 140595, 13014
1932, 0, 855, 950, 576, 222, 0.16%, 0, 0, 4, 80.40, 140944, 13014
1937, 0, 507, 950, 574, 220, 0.16%, 0, 0, 4, 111.24, 141555, 13014
1942, 0, 565, 950, 572, 218, 0.16%, 0, 0, 4, 106.15, 142061, 13014
1947, 0, 459, 950, 571, 217, 0.16%, 0, 0, 4, 81.99, 142387, 13014
1952, 0, 406, 950, 571, 217, 0.16%, 0, 0, 4, 89.21, 142843, 13014
1958, 0, 279, 950, 570, 216, 0.16%, 0, 0, 4, 21.02, 143218, 13014
1963, 0, 877, 950, 569, 215, 0.16%, 0, 0, 4, 4.56, 143369, 13014
1968, 0, 708, 951, 569, 215, 0.16%, 0, 0, 4, 3.13, 143742, 13016
1973, 0, 807, 951, 568, 214, 0.16%, 0, 0, 4, 88.78, 144148, 13016
1978, 0, 265, 951, 566, 212, 0.16%, 0, 0, 4, 87.38, 144574, 13016
1983, 0, 512, 952, 566, 211, 0.16%, 0, 0, 4, 91.10, 145001, 13031
1989, 0, 464, 952, 564, 209, 0.16%, 0, 0, 4, 102.32, 145550, 13031
1994, 0, 940, 952, 562, 207, 0.16%, 0, 0, 4, 82.54, 145965, 13031
1999, 0, 732, 952, 561, 206, 0.16%, 0, 0, 4, 111.12, 146266, 13031
2004, 0, 745, 952, 559, 204, 0.16%, 0, 0, 4, 80.02, 146789, 13031
2009, 0, 417, 952, 557, 202, 0.16%, 0, 0, 4, 99.50, 147320, 13031
2014, 0, 205, 953, 557, 201, 0.16%, 0, 0, 4, 94.33, 147734, 13031
2019, 0, 76, 953, 556, 200, 0.16%, 0, 0, 4, 103.00, 148083, 13031
2024, 0, 589, 953, 554, 198, 0.16%, 0, 0, 4, 118.59, 148567, 13031
2029, 0, 440, 953, 552, 196, 0.16%, 0, 0, 4, 102.79, 149056, 13031
2034, 0, 939, 954, 552, 195, 0.16%, 0, 0, 4, 60.72, 149468, 13034
2040, 0, 578, 955, 552, 195, 0.16%, 0, 0, 4, 112.97, 149749, 13036
2045, 0, 124, 955, 551, 195, 0.16%, 0, 0, 4, 116.64, 150136, 13036
2050, 0, 624, 955, 549, 193, 0.16%, 0, 0, 4, 98.10, 150607, 13036
2055, 0, 323, 956, 549, 192, 0.16%, 0, 0, 4, 93.97, 151127, 13043
2060, 0, 757, 956, 547, 189, 0.16%, 0, 0, 4, 115.21, 151489, 13043
2065, 0, 938, 956, 546, 188, 0.16%, 0, 0, 4, 97.52, 151987, 13043
2070, 0, 52, 956, 544, 186, 0.16%, 0, 0, 4, 18.13, 152326, 13043
2075, 0, 52, 956, 544, 186, 0.16%, 0, 0, 4, 33.33, 152523, 13043
2081, 0, 52, 956, 544, 186, 0.16%, 0, 0, 4, 58.06, 152851, 13043
2086, 0, 367, 956, 544, 186, 0.16%, 0, 0, 4, 70.15, 153144, 13043
2091, 0, 231, 956, 543, 185, 0.16%, 0, 0, 4, 37.16, 153558, 13043
2096, 0, 942, 957, 543, 185, 0.16%, 0, 0, 4, 18.09, 153741, 13046
2102, 0, 334, 958, 543, 185, 0.16%, 0, 0, 4, 2.91, 153959, 13047
2107, 0, 337, 959, 543, 184, 0.16%, 0, 0, 4, 115.32, 154318, 13049
2112, 0, 366, 959, 542, 184, 0.16%, 0, 0, 4, 113.71, 154650, 13049
2118, 0, 957, 959, 540, 182, 0.16%, 0, 0, 4, 56.98, 154916, 13049
2123, 0, 292, 959, 539, 181, 0.16%, 0, 0, 4, 59.12, 155199, 13049
2128, 0, 88, 959, 537, 179, 0.16%, 0, 0, 4, 91.50, 155654, 13049
2133, 0, 404, 959, 536, 178, 0.16%, 0, 0, 4, 91.81, 156119, 13049
2138, 0, 443, 959, 535, 177, 0.16%, 0, 0, 4, 5.93, 156212, 13049
2143, 0, 443, 959, 535, 177, 0.16%, 0, 0, 4, 5.89, 156292, 13049
2148, 0, 693, 959, 534, 176, 0.16%, 0, 0, 4, 110.19, 156470, 13049
2154, 0, 865, 960, 533, 174, 0.16%, 0, 0, 4, 16.83, 156914, 13049
2159, 0, 956, 960, 532, 173, 0.16%, 0, 0, 4, 108.91, 157257, 13049
2164, 0, 956, 960, 532, 173, 0.16%, 0, 0, 4, 59.07, 157483, 13049
2169, 0, 433, 960, 530, 171, 0.16%, 0, 0, 4, 132.82, 157781, 13049
2175, 0, 605, 960, 529, 170, 0.16%, 0, 0, 4, 100.23, 158223, 13049
2180, 0, 828, 960, 527, 168, 0.16%, 0, 0, 4, 52.58, 158682, 13049
2185, 0, 451, 960, 526, 167, 0.16%, 0, 0, 4, 79.26, 159034, 13049
2190, 0, 431, 960, 524, 165, 0.16%, 0, 0, 4, 121.26, 159530, 13049
2195, 0, 736, 960, 523, 164, 0.16%, 0, 0, 4, 24.93, 159979, 13049
2200, 0, 241, 960, 521, 162, 0.16%, 0, 0, 4, 91.36, 160389, 13049
2205, 0, 348, 961, 521, 161, 0.16%, 0, 0, 4, 81.08, 160720, 13054
2210, 0, 161, 961, 520, 162, 0.16%, 0, 0, 4, 101.01, 160983, 13054
2215, 0, 461, 962, 519, 160, 0.16%, 0, 0, 4, 106.51, 161485, 13056
2221, 0, 281, 962, 518, 160, 0.16%, 0, 0, 4, 130.13, 161906, 13056
2226, 0, 159, 962, 517, 159, 0.16%, 0, 0, 4, 7.16, 162216, 13056
2231, 0, 723, 962, 515, 157, 0.16%, 0, 0, 4, 26.36, 162659, 13056
2236, 0, 703, 962, 514, 156, 0.16%, 0, 0, 4, 141.42, 163084, 13056
2241, 0, 907, 962, 513, 155, 0.16%, 0, 0, 4, 28.56, 163219, 13056
2247, 0, 907, 962, 513, 155, 0.16%, 0, 0, 4, 32.88, 163306, 13056
2252, 0, 907, 962, 513, 155, 0.16%, 0, 0, 4, 13.64, 163393, 13056
2257, 0, 125, 962, 512, 154, 0.16%, 0, 0, 4, 105.03, 163693, 13056
2262, 0, 664, 962, 511, 154, 0.16%, 0, 0, 4, 103.71, 164181, 13056
2267, 0, 158, 962, 511, 154, 0.16%, 0, 0, 4, 78.37, 164567, 13056
2272, 0, 326, 962, 510, 153, 0.16%, 0, 0, 4, 5.24, 164746, 13056
2278, 0, 782, 962, 509, 152, 0.16%, 0, 0, 4, 145.00, 165255, 13056
2283, 0, 275, 962, 508, 151, 0.16%, 0, 0, 4, 20.60, 165472, 13056
2289, 0, 315, 962, 506, 149, 0.16%, 0, 0, 4, 4.09, 165812, 13056
2294, 0, 835, 962, 505, 148, 0.16%, 0, 0, 4, 133.62, 166173, 13056
2300, 0, 330, 963, 504, 147, 0.16%, 0, 0, 4, 19.31, 166678, 13066
2305, 0, 330, 963, 504, 147, 0.16%, 0, 0, 4, 11.48, 166721, 13066
2311, 0, 330, 963, 504, 147, 0.16%, 0, 0, 4, 11.33, 166767, 13066
2316, 0, 330, 963, 504, 147, 0.16%, 0, 0, 4, 3.07, 166818, 13066
2321, 0, 330, 963, 504, 147, 0.16%, 0, 0, 4, 2.81, 166890, 13066
2326, 0, 479, 963, 502, 145, 0.16%, 0, 0, 4, 14.52, 167238, 13066
2331, 0, 746, 963, 500, 143, 0.16%, 0, 0, 4, 131.95, 167795, 13066
2336, 0, 908, 963, 499, 142, 0.16%, 0, 0, 4, 106.18, 168265, 13066
2341, 0, 424, 963, 497, 140, 0.16%, 0, 0, 4, 105.50, 168764, 13066
2347, 0, 356, 964, 496, 138, 0.16%, 0, 0, 4, 109.28, 169302, 13066
2352, 0, 356, 964, 496, 138, 0.16%, 0, 0, 4, 108.36, 169833, 13066
2357, 0, 356, 964, 496, 138, 0.16%, 0, 0, 4, 68.07, 170275, 13066
2362, 0, 356, 964, 496, 138, 0.16%, 0, 0, 4, 71.65, 170637, 13066
2367, 0, 220, 965, 496, 137, 0.16%, 0, 0, 4, 80.60, 171039, 13068
2372, 0, 220, 965, 496, 137, 0.16%, 0, 0, 4, 101.05, 171580, 13068
2377, 0, 851, 965, 496, 137, 0.16%, 0, 0, 4, 18.18, 172050, 13068
2382, 0, 851, 965, 496, 137, 0.16%, 0, 0, 4, 94.12, 172432, 13068
2387, 0, 717, 965, 496, 137, 0.16%, 0, 0, 4, 101.87, 172845, 13068
2393, 0, 253, 965, 495, 136, 0.16%, 0, 0, 4, 66.49, 173173, 13068
2398, 0, 641, 965, 494, 135, 0.16%, 0, 0, 4, 72.42, 173530, 13068
2403, 0, 513, 965, 492, 133, 0.16%, 0, 0, 4, 90.78, 174018, 13068
2408, 0, 172, 965, 490, 131, 0.16%, 0, 0, 4, 22.25, 174448, 13068
2414, 0, 948, 966, 490, 131, 0.16%, 0, 0, 4, 2.21, 174644, 13069
2419, 0, 280, 967, 490, 130, 0.16%, 0, 0, 4, 68.02, 175019, 13071
2424, 0, 280, 967, 490, 130, 0.16%, 0, 0, 4, 147.06, 175510, 13071
2429, 0, 297, 967, 490, 131, 0.16%, 0, 0, 4, 0.77, 175959, 13071
2434, 0, 284, 967, 488, 129, 0.16%, 0, 0, 4, 137.02, 176534, 13071
2440, 0, 506, 967, 486, 127, 0.16%, 0, 0, 4, 108.89, 176984, 13071
2445, 0, 585, 967, 485, 126, 0.16%, 0, 0, 4, 22.18, 177441, 13071
2450, 0, 955, 970, 487, 125, 0.16%, 0, 0, 4, 116.87, 177957, 13074
2455, 0, 955, 972, 489, 125, 0.16%, 0, 0, 4, 106.51, 178431, 13075
2460, 0, 955, 974, 491, 125, 0.16%, 0, 0, 4, 107.20, 178960, 13079
2466, 0, 955, 974, 491, 125, 0.16%, 0, 0, 4, 104.59, 179496, 13079
2471, 0, 955, 974, 491, 125, 0.16%, 0, 0, 4, 14.81, 180008, 13079
2476, 0, 955, 974, 491, 125, 0.16%, 0, 0, 4, 114.94, 180622, 13079
2481, 0, 955, 975, 492, 125, 0.16%, 0, 0, 4, 121.56, 181112, 13080
2486, 0, 955, 975, 492, 125, 0.16%, 0, 0, 4, 109.63, 181632, 13080
2491, 0, 955, 975, 492, 125, 0.16%, 0, 0, 4, 115.32, 182222, 13080
2497, 0, 649, 975, 491, 128, 0.16%, 0, 0, 4, 22.89, 182698, 13080
2502, 0, 966, 975, 490, 127, 0.16%, 0, 0, 4, 111.19, 183181, 13080
2508, 0, 950, 975, 488, 125, 0.16%, 0, 0, 4, 103.97, 183708, 13080
2513, 0, 299, 975, 486, 123, 0.16%, 0, 0, 4, 106.96, 184230, 13080
2518, 0, 164, 976, 486, 122, 0.16%, 0, 0, 4, 6.85, 184484, 13082
2523, 0, 257, 976, 485, 122, 0.16%, 0, 0, 4, 117.98, 184798, 13082
2528, 0, 812, 976, 483, 120, 0.16%, 0, 0, 4, 116.44, 185322, 13082
2533, 0, 44, 976, 481, 118, 0.16%, 0, 0, 4, 15.36, 185670, 13082
2539, 0, 44, 976, 481, 118, 0.16%, 0, 0, 4, 6.62, 185711, 13082
2544, 0, 44, 976, 481, 118, 0.16%, 0, 0, 4, 8.16, 185751, 13082
2549, 0, 44, 976, 481, 118, 0.16%, 0, 0, 4, 8.46, 185794, 13082
2554, 0, 44, 976, 481, 118, 0.16%, 0, 0, 4, 8.91, 185836, 13082
2559, 0, 960, 976, 480, 117, 0.16%, 0, 0, 4, 99.83, 185947, 13082
2564, 0, 891, 976, 479, 116, 0.16%, 0, 0, 4, 46.38, 186304, 13082
2570, 0, 193, 976, 477, 114, 0.16%, 0, 0, 4, 80.91, 186729, 13082
2575, 0, 103, 976, 476, 113, 0.16%, 0, 0, 4, 138.55, 187181, 13082
2580, 0, 810, 976, 475, 112, 0.16%, 0, 0, 4, 108.61, 187696, 13082
2585, 0, 965, 976, 474, 111, 0.16%, 0, 0, 4, 27.36, 188070, 13082
2590, 0, 623, 976, 473, 110, 0.16%, 0, 0, 4, 143.56, 188263, 13082
2595, 0, 623, 976, 473, 110, 0.16%, 0, 0, 4, 22.54, 188700, 13082
2601, 0, 437, 976, 472, 109, 0.16%, 0, 0, 4, 17.19, 189120, 13082
2606, 0, 934, 976, 471, 108, 0.16%, 0, 0, 4, 75.15, 189491, 13082
2611, 0, 707, 976, 469, 106, 0.16%, 0, 0, 4, 2.81, 189794, 13082
2616, 0, 261, 976, 468, 105, 0.16%, 0, 0, 4, 91.33, 190237, 13082
2621, 0, 261, 976, 468, 105, 0.16%, 0, 0, 4, 105.62, 190745, 13082
2627, 0, 789, 976, 467, 104, 0.16%, 0, 0, 4, 6.05, 191093, 13082
2632, 0, 504, 976, 466, 103, 0.16%, 0, 0, 4, 121.31, 191552, 13082
2637, 0, 352, 976, 463, 100, 0.16%, 0, 0, 4, 118.84, 192134, 13082
2642, 0, 959, 976, 462, 99, 0.16%, 0, 0, 4, 97.14, 192577, 13082
2647, 0, 528, 976, 461, 98, 0.16%, 0, 0, 4, 82.21, 192889, 13082
2652, 0, 652, 976, 459, 96, 0.16%, 0, 0, 4, 99.33, 193392, 13082
2657, 0, 78, 976, 457, 94, 0.16%, 0, 0, 4, 99.97, 193898, 13082
2662, 0, 287, 976, 456, 93, 0.16%, 0, 0, 4, 77.93, 194295, 13082
2668, 0, 968, 976, 454, 91, 0.16%, 0, 0, 4, 84.99, 194693, 13082
2673, 0, 172, 976, 453, 90, 0.16%, 0, 0, 4, 102.98, 195065, 13082
2678, 0, 172, 976, 453, 90, 0.16%, 0, 0, 4, 33.26, 195275, 13082
2683, 0, 918, 976, 453, 90, 0.16%, 0, 0, 4, 50.99, 195542, 13082
2688, 0, 362, 976, 452, 89, 0.16%, 0, 0, 4, 78.48, 195959, 13082
2693, 0, 362, 977, 453, 89, 0.16%, 0, 0, 4, 81.44, 196379, 13082
2698, 0, 368, 977, 453, 91, 0.16%, 0, 0, 4, 79.70, 196691, 13082
2703, 0, 943, 977, 451, 89, 0.16%, 0, 0, 4, 137.93, 197032, 13082
2708, 0, 405, 977, 450, 88, 0.16%, 0, 0, 4, 116.48, 197548, 13082
2713, 0, 165, 977, 449, 87, 0.16%, 0, 0, 4, 39.59, 197774, 13082
2718, 0, 475, 977, 447, 85, 0.16%, 0, 0, 4, 123.64, 198150, 13082
2723, 0, 609, 978, 447, 84, 0.16%, 0, 0, 4, 109.15, 198585, 13088
2728, 0, 738, 978, 445, 83, 0.16%, 0, 0, 4, 108.04, 198928, 13088
2734, 0, 429, 978, 444, 82, 0.16%, 0, 0, 4, 120.05, 199431, 13088
2739, 0, 365, 978, 442, 80, 0.16%, 0, 0, 4, 102.69, 199888, 13088
2744, 0, 590, 978, 441, 79, 0.16%, 0, 0, 4, 117.24, 200285, 13088
2749, 0, 447, 979, 441, 78, 0.16%, 0, 0, 4, 94.33, 200681, 13088
2754, 0, 239, 979, 439, 76, 0.16%, 0, 0, 4, 95.36, 201149, 13088
2759, 0, 511, 979, 438, 75, 0.16%, 0, 0, 4, 100.41, 201655, 13088
2765, 0, 514, 979, 436, 73, 0.16%, 0, 0, 4, 100.27, 202175, 13088
2770, 0, 690, 979, 435, 72, 0.16%, 0, 0, 4, 128.53, 202597, 13088
2775, 0, 636, 979, 434, 71, 0.16%, 0, 0, 4, 109.92, 203152, 13088
2780, 0, 650, 979, 433, 70, 0.16%, 0, 0, 4, 95.03, 203603, 13088
2786, 0, 647, 979, 433, 70, 0.16%, 0, 0, 4, 103.86, 204155, 13088
2791, 0, 680, 979, 432, 69, 0.16%, 0, 0, 4, 114.32, 204756, 13088
2796, 0, 678, 979, 432, 69, 0.16%, 0, 0, 4, 93.14, 205227, 13088
2801, 0, 174, 979, 430, 67, 0.16%, 0, 0, 4, 71.53, 205604, 13088
2806, 0, 962, 979, 429, 66, 0.16%, 0, 0, 4, 73.33, 205925, 13088
2811, 0, 324, 980, 429, 66, 0.16%, 0, 0, 4, 109.03, 206317, 13090
2816, 0, 979, 983, 431, 65, 0.16%, 0, 0, 4, 83.74, 206696, 13119
2821, 0, 979, 984, 432, 65, 0.16%, 0, 0, 4, 71.99, 207055, 13125
2826, 0, 593, 985, 432, 69, 0.16%, 0, 0, 4, 18.26, 207355, 13130
2832, 0, 722, 985, 430, 67, 0.16%, 0, 0, 4, 106.13, 207835, 13130
2837, 0, 282, 985, 429, 66, 0.16%, 0, 0, 4, 92.78, 208273, 13130
2842, 0, 282, 985, 429, 66, 0.16%, 0, 0, 4, 20.98, 208699, 13130
2847, 0, 637, 985, 428, 65, 0.16%, 0, 0, 4, 2.83, 209035, 13130
2852, 0, 981, 985, 427, 64, 0.16%, 0, 0, 4, 81.67, 209415, 13130
2859, 0, 984, 987, 428, 64, 0.16%, 0, 0, 5, 3.30, 209789, 13200
2864, 0, 984, 988, 429, 64, 0.16%, 0, 0, 5, 56.59, 210093, 13214
2869, 0, 987, 989, 429, 65, 0.16%, 0, 0, 5, 14.13, 210461, 13217
2874, 0, 118, 990, 429, 64, 0.16%, 0, 0, 5, 92.28, 210913, 13218
2879, 0, 986, 990, 428, 64, 0.16%, 0, 0, 5, 118.59, 211265, 13218
2884, 0, 831, 990, 427, 63, 0.16%, 0, 0, 5, 87.04, 211646, 13218
2890, 0, 831, 990, 427, 63, 0.16%, 0, 0, 5, 90.38, 212107, 13218
2895, 0, 145, 992, 429, 63, 0.16%, 0, 0, 5, 87.54, 212527, 13219
2900, 0, 310, 993, 429, 64, 0.16%, 0, 0, 5, 121.93, 212921, 13219
2905, 0, 737, 994, 428, 62, 0.16%, 0, 0, 5, 120.42, 213410, 13220
2910, 0, 983, 996, 429, 62, 0.16%, 0, 0, 5, 97.52, 213751, 13225
2915, 0, 983, 997, 430, 62, 0.16%, 0, 0, 5, 87.13, 214131, 13226
2920, 0, 983, 998, 431, 62, 0.16%, 0, 0, 5, 93.89, 214643, 13231
2925, 0, 983, 999, 432, 62, 0.16%, 0, 0, 5, 87.47, 215051, 13231
2930, 0, 983, 999, 432, 62, 0.16%, 0, 0, 5, 11.98, 215502, 13231
2936, 0, 983, 1000, 433, 62, 0.16%, 0, 0, 5, 87.05, 215915, 13231
2941, 0, 983, 1000, 433, 62, 0.16%, 0, 0, 5, 59.58, 216355, 13231
2946, 0, 983, 1000, 433, 62, 0.16%, 0, 0, 5, 89.47, 216853, 13231
2951, 0, 983, 1000, 433, 62, 0.16%, 0, 0, 5, 87.61, 217302, 13231
2956, 0, 983, 1000, 433, 62, 0.16%, 0, 0, 5, 66.45, 217730, 13231
2961, 0, 983, 1000, 433, 62, 0.16%, 0, 0, 5, 77.31, 218135, 13231
2966, 0, 983, 1000, 433, 62, 0.16%, 0, 0, 5, 123.58, 218531, 13231
2971, 0, 980, 1000, 432, 65, 0.16%, 0, 0, 5, 100.69, 218824, 13231
2976, 0, 982, 1000, 431, 64, 0.16%, 0, 0, 5, 116.65, 219301, 13231
2982, 0, 992, 1001, 431, 64, 0.16%, 0, 0, 5, 12.17, 219647, 13234
2987, 0, 511, 1002, 431, 63, 0.16%, 0, 0, 5, 121.94, 220200, 13234
2992, 0, 511, 1002, 431, 63, 0.16%, 0, 0, 5, 104.37, 220666, 13234
2997, 0, 511, 1002, 431, 63, 0.16%, 1, 0, 5, 98.00, 221144, 13234
3002, 0, 982, 1002, 431, 63, 0.16%, 1, 0, 5, 45.26, 221539, 13234
3007, 0, 1000, 1002, 431, 63, 0.16%, 1, 0, 5, 76.25, 221987, 13234
3012, 0, 385, 1002, 430, 62, 0.16%, 1, 0, 5, 92.35, 222375, 13234
3069, 0, 349, 1004, 956, 597, 0.15%, 0, 0, 2, 17.70, 226974, 12599
3074, 0, 349, 1004, 956, 597, 0.15%, 0, 0, 2, 20.99, 227453, 12599
3079, 0, 265, 1005, 956, 596, 0.15%, 0, 0, 2, 120.52, 227990, 12607
3086, 0, 265, 1007, 958, 596, 0.16%, 0, 0, 2, 10.30, 228338, 13073
3091, 0, 704, 1007, 957, 596, 0.16%, 0, 0, 2, 57.65, 228513, 13073
3096, 0, 704, 1007, 957, 596, 0.16%, 0, 0, 2, 7.59, 228718, 13073
3102, 0, 704, 1007, 957, 596, 0.16%, 0, 0, 2, 44.33, 228934, 13073
3107, 0, 888, 1007, 956, 595, 0.16%, 0, 0, 2, 96.01, 229468, 13073
3112, 0, 768, 1007, 955, 594, 0.16%, 0, 0, 2, 65.74, 229767, 13073
3117, 0, 768, 1007, 955, 594, 0.16%, 0, 0, 2, 50.80, 229990, 13073
3122, 0, 321, 1007, 954, 593, 0.16%, 0, 0, 2, 118.71, 230244, 13073
3127, 0, 321, 1007, 954, 593, 0.16%, 0, 0, 2, 93.17, 230664, 13073
3132, 0, 554, 1007, 953, 592, 0.16%, 0, 0, 2, 86.74, 231078, 13073
3138, 0, 1003, 1007, 952, 591, 0.16%, 0, 0, 2, 79.53, 231495, 13073
3143, 0, 474, 1007, 951, 590, 0.16%, 0, 0, 2, 101.98, 232011, 13073
3148, 0, 474, 1008, 952, 590, 0.16%, 0, 0, 2, 79.47, 232399, 13073
3153, 0, 500, 1008, 951, 589, 0.16%, 0, 0, 2, 9.98, 232791, 13073
3158, 0, 165, 1009, 951, 588, 0.16%, 0, 0, 2, 89.23, 233276, 13073
3163, 0, 151, 1009, 950, 587, 0.16%, 0, 0, 2, 88.14, 233699, 13073
3168, 0, 520, 1009, 949, 586, 0.16%, 0, 0, 2, 88.48, 234163, 13073
3173, 0, 933, 1009, 948, 585, 0.16%, 0, 0, 2, 88.00, 234607, 13073
3178, 0, 938, 1009, 947, 584, 0.16%, 0, 0, 2, 15.76, 234949, 13073
3183, 0, 938, 1009, 947, 584, 0.16%, 0, 0, 2, 32.10, 235119, 13073
3188, 0, 938, 1009, 947, 584, 0.16%, 0, 0, 2, 36.49, 235306, 13073
3194, 0, 719, 1009, 946, 583, 0.16%, 0, 0, 2, 53.00, 235562, 13073
3199, 0, 719, 1009, 946, 583, 0.16%, 0, 0, 2, 20.48, 236038, 13073
3204, 0, 370, 1009, 944, 581, 0.16%, 0, 0, 2, 28.98, 236526, 13073
3209, 0, 612, 1010, 944, 580, 0.16%, 0, 0, 2, 68.86, 236967, 13074
3215, 0, 612, 1010, 944, 580, 0.16%, 0, 0, 2, 16.06, 237040, 13074
3220, 0, 612, 1010, 944, 580, 0.16%, 0, 0, 2, 18.56, 237132, 13074
3225, 0, 612, 1010, 944, 580, 0.16%, 0, 0, 2, 2.36, 237199, 13074
3230, 0, 612, 1010, 944, 580, 0.16%, 0, 0, 2, 2.73, 237246, 13074
3236, 0, 612, 1010, 944, 580, 0.16%, 0, 0, 2, 5.48, 237312, 13074
3241, 0, 612, 1010, 944, 580, 0.16%, 0, 0, 2, 13.92, 237416, 13074
3246, 0, 612, 1010, 944, 580, 0.16%, 0, 0, 2, 2.66, 237500, 13074
3251, 0, 612, 1010, 944, 580, 0.16%, 0, 0, 2, 3.10, 237518, 13074
3257, 0, 84, 1013, 946, 579, 0.16%, 0, 0, 2, 54.50, 237747, 13097
3262, 0, 84, 1013, 946, 579, 0.16%, 0, 0, 2, 61.53, 238075, 13097
3267, 0, 84, 1013, 946, 579, 0.16%, 0, 0, 2, 65.40, 238409, 13097
3272, 0, 84, 1014, 947, 579, 0.16%, 0, 0, 2, 65.35, 238698, 13098
3277, 0, 436, 1014, 946, 579, 0.16%, 0, 0, 2, 138.10, 238913, 13098
3282, 0, 436, 1014, 946, 579, 0.16%, 0, 0, 2, 86.22, 239313, 13098
3287, 0, 103, 1014, 945, 578, 0.16%, 0, 0, 2, 2.64, 239485, 13098
3293, 0, 103, 1014, 945, 578, 0.16%, 0, 0, 2, 3.85, 239548, 13098
3298, 0, 103, 1014, 945, 578, 0.16%, 0, 0, 2, 58.82, 239637, 13098
3303, 0, 103, 1014, 945, 578, 0.16%, 0, 0, 2, 10.87, 239701, 13098
3308, 0, 103, 1014, 945, 578, 0.16%, 0, 0, 2, 26.38, 239799, 13098
3313, 0, 103, 1014, 945, 578, 0.16%, 0, 0, 2, 28.91, 239921, 13098
3318, 0, 103, 1015, 946, 578, 0.16%, 0, 0, 2, 13.65, 239976, 13098
3323, 0, 339, 1015, 945, 577, 0.16%, 0, 0, 2, 117.22, 240247, 13098
3328, 0, 564, 1015, 944, 576, 0.16%, 0, 0, 2, 97.67, 240709, 13098
3333, 0, 445, 1015, 943, 575, 0.16%, 0, 0, 2, 125.00, 241207, 13098
3338, 0, 445, 1015, 943, 575, 0.16%, 0, 0, 2, 105.84, 241703, 13098
3343, 0, 248, 1015, 942, 574, 0.16%, 0, 0, 2, 109.69, 242237, 13098
3349, 0, 45, 1017, 943, 573, 0.16%, 0, 0, 2, 74.26, 242521, 13141
3354, 0, 45, 1017, 943, 573, 0.16%, 0, 0, 2, 66.67, 242695, 13141
3359, 0, 45, 1017, 943, 573, 0.16%, 0, 0, 2, 51.22, 242937, 13141
3364, 0, 45, 1017, 943, 573, 0.16%, 0, 0, 2, 74.86, 243160, 13141
3370, 0, 45, 1017, 943, 573, 0.16%, 0, 0, 2, 66.77, 243364, 13141
3375, 0, 256, 1018, 943, 573, 0.16%, 0, 0, 2, 106.92, 243541, 13142
3380, 0, 256, 1019, 944, 573, 0.16%, 0, 0, 2, 109.38, 244049, 13145
3385, 0, 256, 1019, 944, 573, 0.16%, 0, 0, 2, 137.43, 244589, 13145
3390, 0, 775, 1020, 944, 572, 0.16%, 0, 0, 2, 111.26, 245067, 13145
3395, 0, 294, 1020, 943, 571, 0.16%, 0, 0, 2, 113.56, 245488, 13145
3400, 0, 410, 1020, 942, 570, 0.16%, 0, 0, 2, 104.11, 245984, 13145
3405, 0, 410, 1020, 942, 570, 0.16%, 0, 0, 2, 95.63, 246450, 13145
3410, 0, 711, 1020, 941, 569, 0.16%, 0, 0, 2, 38.46, 246777, 13145
3416, 0, 711, 1020, 941, 569, 0.16%, 0, 0, 2, 40.31, 247003, 13145
3421, 0, 467, 1020, 940, 568, 0.16%, 0, 0, 2, 63.28, 247337, 13145
3426, 0, 503, 1020, 939, 567, 0.16%, 0, 0, 2, 94.87, 247840, 13145
3431, 0, 503, 1020, 939, 567, 0.16%, 0, 0, 2, 83.62, 248237, 13145
3436, 0, 726, 1020, 937, 565, 0.16%, 0, 0, 2, 84.20, 248742, 13145
3441, 0, 318, 1021, 937, 564, 0.16%, 0, 0, 2, 92.57, 249218, 13164
3446, 0, 318, 1021, 937, 564, 0.16%, 0, 0, 2, 130.92, 249737, 13164
3452, 0, 1016, 1021, 936, 563, 0.16%, 0, 0, 2, 49.60, 250058, 13164
3457, 0, 1016, 1022, 937, 563, 0.16%, 0, 0, 3, 61.96, 250257, 13167
3462, 0, 1016, 1023, 938, 563, 0.16%, 0, 0, 3, 49.34, 250409, 13168
3467, 0, 1016, 1023, 938, 563, 0.16%, 0, 0, 3, 50.55, 250671, 13168
3472, 0, 706, 1023, 937, 563, 0.16%, 0, 0, 3, 74.66, 250972, 13168
3477, 0, 1000, 1023, 936, 562, 0.16%, 0, 0, 3, 15.81, 251310, 13168
3483, 0, 700, 1023, 935, 561, 0.16%, 0, 0, 3, 107.21, 251824, 13168
3488, 0, 43, 1023, 933, 559, 0.16%, 0, 0, 3, 107.04, 252335, 13168
3493, 0, 23, 1023, 932, 558, 0.16%, 0, 0, 3, 109.40, 252881, 13168
3498, 0, 23, 1023, 932, 558, 0.16%, 0, 0, 3, 59.38, 253247, 13168
3503, 0, 350, 1024, 932, 557, 0.16%, 0, 0, 3, 94.11, 253785, 13168
3508, 0, 764, 1024, 931, 556, 0.16%, 0, 0, 3, 75.81, 254181, 13168
3513, 0, 764, 1024, 931, 556, 0.16%, 0, 0, 3, 50.79, 254374, 13168
3518, 0, 764, 1024, 931, 556, 0.16%, 0, 0, 3, 51.25, 254584, 13168
3523, 0, 689, 1024, 930, 555, 0.16%, 0, 0, 3, 93.10, 255106, 13168
3529, 0, 925, 1025, 930, 554, 0.16%, 0, 0, 3, 100.86, 255656, 13169
3534, 0, 650, 1025, 929, 554, 0.16%, 0, 0, 3, 16.96, 255970, 13169
3539, 0, 650, 1025, 929, 554, 0.16%, 0, 0, 3, 57.91, 256288, 13169
3544, 0, 514, 1026, 929, 553, 0.16%, 0, 0, 3, 74.89, 256701, 13169
3549, 0, 514, 1027, 930, 553, 0.16%, 0, 0, 3, 56.83, 256951, 13169
3555, 0, 677, 1027, 929, 553, 0.16%, 0, 0, 3, 13.08, 257326, 13169
3560, 0, 677, 1028, 930, 553, 0.16%, 0, 0, 3, 87.07, 257762, 13172
3566, 0, 364, 1028, 929, 553, 0.16%, 0, 0, 3, 4.44, 258097, 13172
3571, 0, 364, 1028, 929, 553, 0.16%, 0, 0, 3, 113.49, 258623, 13172
3576, 0, 422, 1028, 928, 552, 0.16%, 0, 0, 3, 89.45, 259098, 13172
3581, 0, 731, 1028, 927, 551, 0.16%, 0, 0, 3, 87.86, 259569, 13172
3586, 0, 484, 1028, 926, 550, 0.16%, 0, 0, 3, 108.44, 260125, 13172
3591, 0, 884, 1032, 929, 549, 0.16%, 0, 0, 3, 125.51, 260522, 13175
3596, 0, 884, 1033, 930, 549, 0.16%, 0, 0, 3, 111.27, 261036, 13177
3601, 0, 884, 1033, 930, 549, 0.16%, 0, 0, 3, 28.83, 261501, 13177
3606, 0, 884, 1033, 930, 549, 0.16%, 0, 0, 3, 143.69, 261972, 13177
3612, 0, 884, 1033, 930, 549, 0.16%, 0, 0, 3, 110.36, 262448, 13177
3617, 0, 884, 1033, 930, 549, 0.16%, 0, 0, 3, 98.71, 262909, 13177
3622, 0, 884, 1033, 930, 549, 0.16%, 0, 0, 3, 101.95, 263395, 13177
3627, 0, 884, 1034, 931, 549, 0.16%, 0, 0, 3, 96.87, 263854, 13178
3632, 0, 884, 1034, 931, 549, 0.16%, 0, 0, 3, 100.24, 264346, 13178
3637, 0, 884, 1034, 931, 549, 0.16%, 0, 0, 3, 96.38, 264817, 13178
3642, 0, 884, 1034, 931, 549, 0.16%, 0, 0, 3, 121.26, 265306, 13178
3647, 0, 884, 1034, 931, 549, 0.16%, 0, 0, 3, 139.54, 265792, 13178
3652, 0, 884, 1034, 931, 549, 0.16%, 0, 0, 3, 135.47, 266278, 13178
3657, 0, 884, 1035, 932, 549, 0.16%, 0, 0, 3, 109.35, 266757, 13183
3662, 0, 884, 1035, 932, 549, 0.16%, 0, 0, 3, 109.38, 267321, 13183
3668, 0, 884, 1036, 933, 549, 0.16%, 0, 0, 3, 108.26, 267869, 13191
3673, 0, 884, 1036, 933, 549, 0.16%, 0, 0, 3, 110.57, 268431, 13191
3678, 0, 884, 1036, 933, 549, 0.16%, 0, 0, 3, 99.87, 268951, 13191
3683, 0, 884, 1036, 933, 549, 0.16%, 0, 0, 3, 111.12, 269495, 13191
3688, 0, 884, 1036, 933, 549, 0.16%, 0, 0, 3, 114.23, 270089, 13191
3693, 0, 884, 1036, 933, 549, 0.16%, 0, 0, 3, 116.81, 270691, 13191
3698, 0, 884, 1037, 934, 549, 0.16%, 0, 0, 3, 100.77, 271165, 13192
3703, 0, 884, 1037, 934, 549, 0.16%, 0, 0, 3, 109.15, 271707, 13192
3708, 0, 884, 1037, 934, 549, 0.16%, 0, 0, 3, 107.07, 272201, 13192
3714, 0, 884, 1037, 934, 549, 0.16%, 0, 0, 3, 127.46, 272617, 13192
3719, 0, 884, 1037, 934, 549, 0.16%, 0, 0, 3, 20.62, 273081, 13192
3724, 0, 15, 1037, 933, 550, 0.16%, 0, 0, 3, 121.84, 273451, 13192
3729, 0, 198, 1037, 932, 549, 0.16%, 0, 0, 3, 35.01, 273831, 13192
3734, 0, 619, 1037, 931, 548, 0.16%, 0, 0, 3, 87.98, 274314, 13192
3739, 0, 619, 1037, 931, 548, 0.16%, 0, 0, 3, 92.37, 274787, 13192
3744, 0, 703, 1038, 931, 547, 0.16%, 0, 0, 3, 88.91, 275193, 13192
3749, 0, 582, 1038, 930, 546, 0.16%, 0, 0, 3, 105.03, 275739, 13192
3755, 0, 582, 1038, 930, 546, 0.16%, 0, 0, 3, 101.59, 276183, 13192
3760, 0, 623, 1039, 930, 545, 0.16%, 0, 0, 3, 98.72, 276687, 13195
3765, 0, 62, 1039, 929, 545, 0.16%, 0, 0, 3, 117.97, 277085, 13195
3770, 0, 306, 1040, 929, 544, 0.16%, 0, 0, 3, 107.50, 277600, 13195
3775, 0, 306, 1041, 930, 544, 0.16%, 0, 0, 3, 96.60, 277945, 13196
3780, 0, 441, 1041, 929, 544, 0.16%, 0, 0, 3, 104.11, 278290, 13196
3785, 0, 562, 1041, 928, 543, 0.16%, 0, 0, 3, 98.74, 278806, 13196
3790, 0, 562, 1041, 928, 543, 0.16%, 0, 0, 3, 106.53, 279132, 13196
3795, 0, 916, 1041, 927, 542, 0.16%, 0, 0, 3, 77.01, 279494, 13196
3801, 0, 916, 1041, 927, 542, 0.16%, 0, 0, 3, 57.71, 279749, 13196
3806, 0, 299, 1042, 927, 541, 0.16%, 0, 0, 3, 72.13, 280049, 13197
3811, 0, 468, 1042, 926, 540, 0.16%, 0, 0, 3, 124.48, 280512, 13197
3816, 0, 468, 1042, 926, 540, 0.16%, 0, 0, 3, 99.97, 280956, 13197
3821, 0, 757, 1042, 925, 539, 0.16%, 0, 0, 3, 13.38, 281299, 13197
3826, 0, 757, 1042, 925, 539, 0.16%, 0, 0, 3, 29.87, 281510, 13197
3831, 0, 1019, 1042, 924, 538, 0.16%, 0, 0, 3, 54.68, 281767, 13197
3837, 0, 195, 1042, 923, 537, 0.16%, 0, 0, 3, 89.99, 282252, 13197
3842, 0, 195, 1042, 923, 537, 0.16%, 0, 0, 3, 74.98, 282644, 13197
3847, 0, 233, 1042, 922, 536, 0.16%, 0, 0, 3, 82.48, 283071, 13197
3852, 0, 32, 1042, 921, 535, 0.16%, 0, 0, 3, 103.57, 283625, 13197
3857, 0, 269, 1042, 920, 534, 0.16%, 0, 0, 3, 101.84, 284144, 13197
3862, 0, 342, 1042, 919, 533, 0.16%, 0, 0, 3, 98.60, 284596, 13197
3867, 0, 690, 1042, 918, 532, 0.16%, 0, 0, 3, 135.95, 285121, 13197
3872, 0, 437, 1042, 917, 531, 0.16%, 0, 0, 3, 113.35, 285651, 13197
3878, 0, 333, 1042, 916, 530, 0.16%, 0, 0, 3, 109.33, 286179, 13197
3883, 0, 463, 1042, 915, 529, 0.16%, 0, 0, 3, 96.05, 286660, 13197
3888, 0, 420, 1042, 914, 528, 0.16%, 0, 0, 3, 96.21, 287147, 13197
3893, 0, 334, 1043, 914, 527, 0.16%, 0, 0, 3, 105.43, 287664, 13197
3898, 0, 334, 1043, 914, 527, 0.16%, 0, 0, 3, 101.69, 288142, 13197
3903, 0, 929, 1043, 913, 526, 0.16%, 0, 0, 3, 108.39, 288672, 13197
3908, 0, 584, 1043, 912, 525, 0.16%, 0, 0, 3, 105.96, 289202, 13197
3913, 0, 628, 1043, 911, 524, 0.16%, 0, 0, 3, 117.45, 289650, 13197
3918, 0, 771, 1043, 910, 523, 0.16%, 0, 0, 3, 7.91, 290006, 13197
3923, 0, 771, 1043, 910, 523, 0.16%, 0, 0, 3, 42.39, 290207, 13197
3928, 0, 771, 1043, 910, 523, 0.16%, 0, 0, 3, 42.58, 290408, 13197
3933, 0, 782, 1043, 909, 522, 0.16%, 0, 0, 3, 97.61, 290946, 13197
3938, 0, 457, 1044, 909, 521, 0.16%, 0, 0, 3, 84.23, 291334, 13198
3944, 0, 16, 1045, 909, 520, 0.16%, 0, 0, 3, 91.24, 291779, 13199
3949, 0, 482, 1046, 909, 519, 0.16%, 0, 0, 3, 99.87, 292279, 13199
3954, 0, 507, 1046, 908, 518, 0.16%, 0, 0, 3, 4.78, 292737, 13199
3959, 0, 260, 1046, 907, 517, 0.16%, 0, 0, 3, 113.66, 293309, 13199
3964, 0, 8, 1046, 906, 516, 0.16%, 0, 0, 3, 90.39, 293736, 13199
3969, 0, 864, 1046, 905, 515, 0.16%, 0, 0, 3, 16.34, 294238, 13199
3975, 0, 653, 1046, 904, 514, 0.16%, 0, 0, 3, 79.96, 294640, 13199
3980, 0, 653, 1047, 905, 514, 0.16%, 0, 0, 3, 94.15, 295107, 13212
3985, 0, 523, 1047, 904, 513, 0.16%, 0, 0, 3, 76.35, 295430, 13212
3990, 0, 523, 1047, 904, 513, 0.16%, 0, 0, 3, 79.04, 295831, 13212
3995, 0, 752, 1047, 903, 512, 0.16%, 0, 0, 3, 85.08, 296234, 13212
4000, 0, 167, 1047, 902, 511, 0.16%, 0, 0, 3, 92.39, 296685, 13212
4005, 0, 600, 1047, 901, 510, 0.16%, 0, 0, 3, 102.62, 297209, 13212
4010, 0, 763, 1047, 900, 509, 0.16%, 0, 0, 3, 124.31, 297636, 13212
4015, 0, 763, 1048, 901, 509, 0.16%, 0, 0, 3, 106.56, 298139, 13212
4020, 0, 511, 1048, 900, 508, 0.16%, 0, 0, 3, 103.46, 298636, 13212
4026, 0, 353, 1048, 899, 507, 0.16%, 0, 0, 3, 115.62, 299196, 13212
4031, 0, 297, 1049, 899, 506, 0.16%, 0, 0, 3, 112.33, 299753, 13212
4036, 0, 271, 1050, 899, 505, 0.16%, 0, 0, 3, 101.94, 300205, 13222
4041, 0, 271, 1051, 900, 505, 0.16%, 0, 0, 3, 105.04, 300750, 13223
4046, 0, 271, 1051, 900, 505, 0.16%, 0, 0, 3, 94.53, 301211, 13223
4051, 0, 524, 1051, 899, 506, 0.16%, 0, 0, 3, 128.09, 301500, 13223
4056, 0, 558, 1051, 898, 505, 0.16%, 0, 0, 3, 114.81, 301880, 13223
4062, 0, 558, 1051, 898, 505, 0.16%, 0, 0, 3, 93.69, 302339, 13223
4067, 0, 373, 1051, 897, 504, 0.16%, 0, 0, 3, 128.11, 302693, 13223
4072, 0, 526, 1051, 896, 503, 0.16%, 0, 0, 3, 13.42, 303104, 13223
4077, 0, 809, 1051, 895, 502, 0.16%, 0, 0, 3, 123.81, 303585, 13223
4082, 0, 196, 1051, 894, 501, 0.16%, 0, 0, 3, 141.34, 304015, 13223
4087, 0, 533, 1051, 893, 500, 0.16%, 0, 0, 3, 127.07, 304598, 13223
4093, 0, 458, 1051, 892, 499, 0.16%, 0, 0, 3, 7.60, 304996, 13223
4098, 0, 458, 1051, 892, 499, 0.16%, 0, 0, 3, 62.65, 305396, 13223
4103, 0, 550, 1051, 891, 498, 0.16%, 0, 0, 3, 86.87, 305883, 13223
4108, 0, 814, 1051, 890, 497, 0.16%, 0, 0, 3, 102.85, 306394, 13223
4113, 0, 232, 1051, 889, 496, 0.16%, 0, 0, 3, 134.81, 306836, 13223
4118, 0, 639, 1051, 888, 495, 0.16%, 0, 0, 3, 99.09, 307288, 13223
4123, 0, 449, 1051, 887, 494, 0.16%, 0, 0, 3, 101.25, 307800, 13223
4128, 0, 762, 1051, 886, 493, 0.16%, 0, 0, 3, 13.38, 308232, 13223
4133, 0, 762, 1051, 886, 493, 0.16%, 0, 0, 3, 48.13, 308447, 13223
4139, 0, 699, 1051, 885, 492, 0.16%, 0, 0, 3, 88.15, 308902, 13223
4144, 0, 838, 1051, 884, 491, 0.16%, 0, 0, 3, 74.46, 309259, 13223
4149, 0, 838, 1051, 884, 491, 0.16%, 0, 0, 3, 42.58, 309409, 13223
4154, 0, 838, 1051, 884, 491, 0.16%, 0, 0, 3, 44.52, 309637, 13223
4159, 0, 277, 1051, 883, 490, 0.16%, 0, 0, 3, 80.09, 310065, 13223
4164, 0, 877, 1051, 882, 489, 0.16%, 0, 0, 3, 132.54, 310501, 13223
4169, 0, 314, 1052, 882, 488, 0.16%, 0, 0, 3, 108.53, 311028, 13223
4174, 0, 574, 1052, 881, 487, 0.16%, 0, 0, 3, 97.57, 311507, 13223
4180, 0, 574, 1052, 881, 487, 0.16%, 0, 0, 3, 89.21, 311945, 13223
4185, 0, 760, 1052, 880, 486, 0.16%, 0, 0, 3, 97.11, 312432, 13223
4190, 0, 426, 1052, 879, 485, 0.16%, 0, 0, 3, 104.40, 312961, 13223
4195, 0, 148, 1052, 878, 484, 0.16%, 0, 0, 3, 73.66, 313299, 13223
4200, 0, 148, 1053, 879, 484, 0.16%, 0, 0, 3, 64.35, 313569, 13224
4205, 0, 148, 1053, 879, 484, 0.16%, 0, 0, 3, 50.18, 313809, 13224
4210, 0, 335, 1053, 878, 483, 0.16%, 0, 0, 3, 65.40, 314101, 13224
4215, 0, 691, 1053, 877, 482, 0.16%, 0, 0, 3, 96.53, 314594, 13224
4221, 0, 362, 1053, 876, 481, 0.16%, 0, 0, 3, 96.77, 315073, 13224
4226, 0, 362, 1053, 876, 481, 0.16%, 0, 0, 3, 104.67, 315588, 13224
4231, 0, 202, 1053, 875, 480, 0.16%, 0, 0, 3, 122.98, 316007, 13224
4236, 0, 495, 1053, 874, 479, 0.16%, 0, 0, 3, 125.32, 316478, 13224
4241, 0, 359, 1053, 873, 478, 0.16%, 0, 0, 3, 110.00, 317002, 13224
4246, 0, 900, 1053, 872, 477, 0.16%, 0, 0, 3, 115.75, 317567, 13224
4251, 0, 433, 1053, 871, 476, 0.16%, 0, 0, 3, 92.71, 318046, 13224
4256, 0, 651, 1053, 870, 475, 0.16%, 0, 0, 3, 95.70, 318548, 13224
4262, 0, 1049, 1054, 870, 474, 0.16%, 0, 0, 3, 12.76, 318883, 13225
4267, 0, 1049, 1055, 871, 474, 0.16%, 0, 0, 3, 53.72, 319290, 13225
4273, 0, 885, 1055, 870, 473, 0.16%, 0, 0, 3, 82.88, 319758, 13225
4278, 0, 59, 1055, 869, 472, 0.16%, 0, 0, 3, 96.30, 320271, 13225
4283, 0, 59, 1055, 869, 472, 0.16%, 0, 0, 3, 94.20, 320748, 13225
4288, 0, 724, 1057, 870, 471, 0.16%, 0, 0, 3, 114.11, 321325, 13228
4293, 0, 724, 1057, 870, 471, 0.16%, 0, 0, 3, 116.64, 321843, 13228
4298, 0, 411, 1057, 869, 471, 0.16%, 0, 0, 3, 114.45, 322220, 13228
4303, 0, 201, 1057, 868, 470, 0.16%, 0, 0, 3, 102.41, 322671, 13228
4308, 0, 21, 1057, 867, 469, 0.16%, 0, 0, 3, 75.49, 323074, 13228
4314, 0, 368, 1057, 866, 468, 0.16%, 0, 0, 3, 91.13, 323568, 13228
4320, 0, 926, 1058, 866, 467, 0.16%, 0, 0, 3, 18.48, 324076, 13229
4325, 0, 926, 1058, 866, 467, 0.16%, 0, 0, 3, 116.80, 324645, 13229
4330, 0, 343, 1058, 865, 466, 0.16%, 0, 0, 3, 99.58, 325087, 13229
4335, 0, 158, 1058, 864, 465, 0.16%, 0, 0, 3, 99.89, 325619, 13229
4340, 0, 159, 1058, 863, 464, 0.16%, 0, 0, 3, 101.05, 326117, 13229
4345, 0, 289, 1058, 861, 462, 0.16%, 0, 0, 3, 103.25, 326631, 13229
4351, 0, 289, 1058, 861, 462, 0.16%, 0, 0, 3, 107.84, 327075, 13229
4356, 0, 519, 1058, 859, 460, 0.16%, 0, 0, 3, 117.86, 327546, 13229
4361, 0, 519, 1058, 859, 460, 0.16%, 0, 0, 3, 117.31, 328014, 13229
4366, 0, 788, 1058, 858, 459, 0.16%, 0, 0, 3, 104.46, 328498, 13229
4371, 0, 813, 1058, 857, 458, 0.16%, 0, 0, 3, 97.69, 328961, 13229
4376, 0, 322, 1058, 856, 457, 0.16%, 0, 0, 3, 99.79, 329466, 13229
4381, 0, 94, 1059, 856, 456, 0.16%, 0, 0, 3, 112.55, 330024, 13229
4386, 0, 94, 1059, 856, 456, 0.16%, 0, 0, 3, 14.65, 330463, 13229
4391, 0, 729, 1060, 855, 454, 0.16%, 0, 0, 3, 111.79, 330964, 13229
4397, 0, 729, 1060, 855, 454, 0.16%, 0, 0, 3, 119.06, 331444, 13229
4402, 0, 42, 1060, 854, 454, 0.16%, 0, 0, 3, 126.68, 331841, 13229
4407, 0, 882, 1063, 856, 453, 0.16%, 0, 0, 3, 119.79, 332287, 13232
4412, 0, 882, 1063, 856, 453, 0.16%, 0, 0, 3, 98.56, 332781, 13232
4417, 0, 882, 1063, 856, 453, 0.16%, 0, 0, 3, 91.09, 333219, 13232
4422, 0, 882, 1063, 856, 453, 0.16%, 0, 0, 3, 120.95, 333643, 13232
4428, 0, 882, 1063, 856, 453, 0.16%, 0, 0, 3, 108.41, 334079, 13232
4433, 0, 780, 1063, 855, 454, 0.16%, 0, 0, 3, 109.96, 334452, 13232
4438, 0, 902, 1063, 854, 453, 0.16%, 0, 0, 3, 23.02, 334762, 13232
4443, 0, 902, 1063, 854, 453, 0.16%, 0, 0, 3, 47.81, 335053, 13232
4448, 0, 585, 1063, 853, 452, 0.16%, 0, 0, 3, 74.12, 335375, 13232
4453, 0, 585, 1063, 853, 452, 0.16%, 0, 0, 3, 64.37, 335815, 13232
4458, 0, 722, 1063, 852, 451, 0.16%, 0, 0, 3, 97.64, 336322, 13232
4463, 0, 587, 1063, 851, 450, 0.16%, 0, 0, 3, 95.30, 336788, 13232
4469, 0, 542, 1063, 850, 449, 0.16%, 0, 0, 3, 96.94, 337289, 13232
4474, 0, 450, 1063, 849, 448, 0.16%, 0, 0, 3, 107.44, 337784, 13232
4479, 0, 327, 1063, 848, 447, 0.16%, 0, 0, 3, 102.05, 338298, 13232
4484, 0, 20, 1064, 848, 446, 0.16%, 0, 0, 3, 97.87, 338777, 13345
4489, 0, 20, 1069, 853, 446, 0.16%, 0, 0, 3, 69.54, 338981, 13355
4494, 0, 20, 1076, 860, 446, 0.16%, 0, 0, 3, 63.21, 339220, 13365
4500, 0, 20, 1077, 861, 446, 0.16%, 0, 0, 3, 60.23, 339557, 13386
4505, 0, 20, 1077, 861, 446, 0.16%, 0, 0, 3, 59.71, 339857, 13386
4510, 0, 20, 1078, 862, 446, 0.16%, 0, 0, 3, 70.87, 340199, 13387
4515, 0, 20, 1078, 862, 446, 0.16%, 0, 0, 3, 69.72, 340549, 13387
4520, 0, 20, 1079, 863, 446, 0.16%, 0, 0, 3, 74.30, 340941, 13390
4525, 0, 20, 1079, 863, 446, 0.16%, 0, 0, 3, 69.47, 341300, 13390
4530, 0, 20, 1079, 863, 446, 0.16%, 0, 0, 3, 20.69, 341612, 13390
4535, 0, 20, 1079, 863, 446, 0.16%, 0, 0, 3, 55.73, 341954, 13390
4541, 0, 20, 1079, 863, 446, 0.16%, 0, 0, 3, 90.40, 342430, 13390
4546, 0, 20, 1079, 863, 446, 0.16%, 0, 0, 3, 101.28, 342924, 13390
4551, 0, 20, 1079, 863, 446, 0.16%, 0, 0, 3, 79.24, 343285, 13390
4556, 0, 20, 1079, 863, 446, 0.16%, 0, 0, 3, 82.15, 343690, 13390
4561, 0, 20, 1079, 863, 446, 0.16%, 0, 0, 3, 142.67, 344108, 13390
4566, 0, 20, 1079, 863, 446, 0.16%, 0, 0, 3, 94.27, 344515, 13390
4571, 0, 20, 1079, 863, 446, 0.16%, 0, 0, 3, 84.40, 344910, 13390
4577, 0, 20, 1079, 863, 446, 0.16%, 0, 0, 3, 67.06, 345230, 13390
4582, 0, 20, 1080, 864, 446, 0.16%, 0, 0, 3, 81.41, 345643, 13392
4587, 0, 20, 1081, 865, 446, 0.16%, 0, 0, 3, 78.23, 346029, 13394
4592, 0, 20, 1081, 865, 446, 0.16%, 0, 0, 3, 78.47, 346394, 13394
4597, 0, 20, 1081, 865, 446, 0.16%, 0, 0, 3, 79.04, 346799, 13394
4602, 0, 20, 1081, 865, 446, 0.16%, 0, 0, 3, 79.62, 347092, 13394
4607, 0, 20, 1081, 865, 446, 0.16%, 0, 0, 3, 79.92, 347498, 13394
4612, 0, 20, 1081, 865, 446, 0.16%, 0, 0, 3, 79.87, 347889, 13394
4617, 0, 20, 1081, 865, 446, 0.16%, 0, 0, 3, 79.36, 348287, 13394
4622, 0, 20, 1083, 867, 446, 0.16%, 0, 0, 3, 73.90, 348593, 13420
4627, 0, 20, 1083, 867, 446, 0.16%, 0, 0, 3, 69.78, 348932, 13420
4633, 0, 20, 1083, 867, 446, 0.16%, 0, 0, 3, 64.04, 349249, 13420
4638, 0, 20, 1083, 867, 446, 0.16%, 0, 0, 3, 110.05, 349593, 13420
4643, 0, 20, 1083, 867, 446, 0.16%, 0, 0, 3, 85.60, 349967, 13420
4648, 0, 20, 1083, 867, 446, 0.16%, 0, 0, 3, 69.00, 350327, 13420
4653, 0, 20, 1083, 867, 446, 0.16%, 0, 0, 3, 74.40, 350701, 13420
4658, 0, 20, 1083, 867, 446, 0.16%, 0, 0, 3, 75.47, 351076, 13420
4664, 0, 20, 1083, 867, 446, 0.16%, 0, 0, 3, 72.66, 351426, 13420
4669, 0, 862, 1084, 867, 452, 0.16%, 0, 0, 3, 80.59, 351785, 13420
4674, 0, 649, 1084, 866, 451, 0.16%, 0, 0, 3, 80.08, 352169, 13420
4679, 0, 336, 1084, 865, 450, 0.16%, 0, 0, 3, 92.81, 352661, 13420
4684, 0, 831, 1084, 864, 449, 0.16%, 0, 0, 3, 103.59, 353166, 13420
4689, 0, 831, 1084, 864, 449, 0.16%, 0, 0, 3, 46.67, 353426, 13420
4694, 0, 831, 1084, 864, 449, 0.16%, 0, 0, 3, 44.69, 353625, 13420
4699, 0, 414, 1084, 862, 447, 0.16%, 0, 0, 3, 82.15, 354069, 13420
4704, 0, 414, 1084, 862, 447, 0.16%, 0, 0, 3, 64.76, 354550, 13420
4709, 0, 662, 1084, 861, 446, 0.16%, 0, 0, 3, 92.71, 355018, 13420
4715, 0, 773, 1084, 860, 445, 0.16%, 0, 0, 3, 103.55, 355584, 13420
4720, 0, 676, 1085, 860, 445, 0.16%, 0, 0, 3, 119.87, 355869, 13424
4725, 0, 676, 1085, 860, 445, 0.16%, 0, 0, 3, 33.34, 356213, 13424
4730, 0, 850, 1085, 859, 444, 0.16%, 0, 0, 3, 90.89, 356751, 13424
4735, 0, 865, 1086, 859, 443, 0.16%, 0, 0, 3, 92.50, 357243, 13424
4740, 0, 841, 1088, 860, 442, 0.16%, 0, 0, 3, 118.84, 357863, 13424
4745, 0, 841, 1088, 860, 442, 0.16%, 0, 0, 3, 91.18, 358263, 13424
4751, 0, 1036, 1090, 861, 441, 0.16%, 0, 0, 3, 126.03, 358671, 13438
4757, 0, 904, 1090, 860, 440, 0.16%, 0, 0, 3, 16.94, 359061, 13438
4762, 0, 904, 1091, 861, 440, 0.16%, 0, 0, 3, 35.69, 359346, 13440
4767, 0, 904, 1091, 861, 440, 0.16%, 0, 0, 3, 23.89, 359578, 13440
4772, 0, 904, 1091, 861, 440, 0.16%, 0, 0, 3, 44.30, 359815, 13440
4777, 0, 583, 1091, 860, 440, 0.16%, 0, 0, 3, 114.82, 360170, 13440
4782, 0, 525, 1091, 859, 439, 0.16%, 0, 0, 3, 87.85, 360575, 13440
4787, 0, 41, 1091, 858, 438, 0.16%, 0, 0, 3, 88.66, 361025, 13440
4792, 0, 41, 1091, 858, 438, 0.16%, 0, 0, 3, 91.51, 361517, 13440
4798, 0, 220, 1091, 857, 437, 0.16%, 0, 0, 3, 75.09, 361927, 13440
4803, 0, 46, 1091, 856, 436, 0.16%, 0, 0, 3, 80.57, 362251, 13440
4808, 0, 46, 1091, 856, 436, 0.16%, 0, 0, 3, 19.61, 362512, 13440
4813, 0, 455, 1091, 855, 435, 0.16%, 0, 0, 3, 60.76, 362833, 13440
4818, 0, 212, 1091, 854, 434, 0.16%, 0, 0, 3, 83.57, 363314, 13440
4823, 0, 212, 1091, 854, 434, 0.16%, 0, 0, 3, 90.48, 363732, 13440
4828, 0, 538, 1091, 853, 433, 0.16%, 0, 0, 3, 78.74, 364149, 13440
4833, 0, 569, 1091, 852, 432, 0.16%, 0, 0, 3, 99.73, 364669, 13440
4839, 0, 302, 1091, 851, 431, 0.16%, 0, 0, 3, 109.91, 365247, 13440
4844, 0, 453, 1091, 850, 430, 0.16%, 0, 0, 3, 108.46, 365791, 13440
4849, 0, 571, 1092, 850, 429, 0.16%, 0, 0, 3, 122.61, 366251, 13440
4854, 0, 571, 1092, 850, 429, 0.16%, 0, 0, 3, 99.41, 366711, 13440
4859, 0, 543, 1092, 849, 428, 0.16%, 0, 0, 3, 78.76, 367110, 13440
4864, 0, 91, 1092, 848, 427, 0.16%, 0, 0, 3, 116.21, 367476, 13440
4869, 0, 434, 1092, 847, 426, 0.16%, 0, 0, 3, 117.37, 368054, 13440
4875, 0, 565, 1092, 846, 425, 0.16%, 0, 0, 3, 68.25, 368470, 13440
4880, 0, 235, 1092, 845, 424, 0.16%, 0, 0, 3, 120.95, 368848, 13440
4885, 0, 578, 1092, 844, 423, 0.16%, 0, 0, 3, 112.60, 369366, 13440
4890, 0, 578, 1092, 844, 423, 0.16%, 0, 0, 3, 95.35, 369777, 13440
4895, 0, 145, 1092, 843, 422, 0.16%, 0, 0, 3, 147.06, 370225, 13440
4900, 0, 570, 1092, 842, 421, 0.16%, 0, 0, 3, 104.03, 370668, 13440
4905, 0, 282, 1092, 841, 420, 0.16%, 0, 0, 3, 110.62, 371082, 13440
4910, 0, 282, 1092, 841, 420, 0.16%, 0, 0, 3, 15.87, 371553, 13440
4915, 0, 866, 1092, 840, 419, 0.16%, 0, 0, 3, 109.74, 371794, 13440
4920, 0, 1056, 1092, 839, 418, 0.16%, 0, 0, 3, 110.74, 372347, 13440
4925, 0, 1056, 1092, 839, 418, 0.16%, 0, 0, 3, 94.99, 372750, 13440
4930, 0, 861, 1096, 842, 417, 0.16%, 0, 0, 3, 88.93, 373134, 13442
4935, 0, 861, 1096, 842, 417, 0.16%, 0, 0, 3, 79.80, 373494, 13442
4941, 0, 861, 1096, 842, 417, 0.16%, 0, 0, 3, 83.61, 373935, 13442
4946, 0, 861, 1096, 842, 417, 0.16%, 0, 0, 3, 99.55, 374442, 13442
4951, 0, 861, 1096, 842, 417, 0.16%, 0, 0, 3, 95.95, 374920, 13442
4956, 0, 861, 1096, 842, 417, 0.16%, 0, 0, 3, 93.59, 375386, 13442
4961, 0, 861, 1096, 842, 417, 0.16%, 0, 0, 3, 103.77, 375822, 13442
4966, 0, 861, 1096, 842, 417, 0.16%, 0, 0, 3, 58.82, 376235, 13442
4972, 0, 756, 1096, 841, 418, 0.16%, 0, 0, 3, 92.27, 376530, 13442
4977, 0, 105, 1096, 840, 417, 0.16%, 0, 0, 3, 135.88, 376972, 13442
4982, 0, 416, 1096, 838, 415, 0.16%, 0, 0, 3, 110.43, 377474, 13442
4987, 0, 1046, 1098, 839, 414, 0.16%, 0, 0, 3, 100.20, 377929, 13443
4992, 0, 1046, 1098, 839, 414, 0.16%, 0, 0, 3, 94.96, 378395, 13443
4997, 0, 51, 1098, 838, 413, 0.16%, 0, 0, 3, 73.28, 378696, 13443
5002, 0, 51, 1099, 839, 413, 0.16%, 0, 0, 3, 73.37, 379073, 13446
5007, 0, 459, 1099, 838, 413, 0.16%, 0, 0, 3, 79.40, 379404, 13446
5012, 0, 1034, 1099, 837, 412, 0.16%, 0, 0, 3, 99.59, 379898, 13446
5017, 0, 192, 1099, 836, 411, 0.16%, 0, 0, 3, 95.58, 380389, 13446
5022, 0, 1024, 1099, 835, 410, 0.16%, 0, 0, 3, 105.52, 380915, 13446
5027, 0, 1024, 1099, 835, 410, 0.16%, 0, 0, 3, 20.34, 381327, 13446
5032, 0, 663, 1099, 834, 409, 0.16%, 0, 0, 3, 62.08, 381795, 13446
5038, 0, 1098, 1100, 834, 408, 0.16%, 0, 0, 3, 89.28, 382286, 13448
5044, 0, 253, 1100, 833, 408, 0.16%, 0, 0, 3, 16.47, 382790, 13448
5049, 0, 253, 1100, 833, 408, 0.16%, 0, 0, 3, 108.48, 383295, 13448
5054, 0, 337, 1101, 833, 407, 0.16%, 0, 0, 3, 101.68, 383792, 13449
5059, 0, 432, 1102, 833, 406, 0.16%, 0, 0, 3, 118.52, 384234, 13449
5064, 0, 844, 1102, 832, 405, 0.16%, 0, 0, 3, 12.58, 384496, 13449
5069, 0, 844, 1102, 832, 405, 0.16%, 0, 0, 3, 66.80, 384743, 13449
5075, 0, 844, 1102, 832, 405, 0.16%, 0, 0, 3, 53.14, 384964, 13449
5080, 0, 501, 1102, 831, 404, 0.16%, 0, 0, 3, 67.07, 385237, 13449
5085, 0, 1038, 1103, 831, 404, 0.16%, 0, 0, 3, 121.00, 385538, 13454
5090, 0, 622, 1103, 830, 403, 0.16%, 0, 0, 3, 110.93, 386059, 13454
5095, 0, 849, 1103, 829, 402, 0.16%, 0, 0, 3, 120.02, 386624, 13454
5100, 0, 911, 1106, 831, 401, 0.16%, 0, 0, 3, 100.82, 387089, 13454
5106, 0, 911, 1106, 831, 401, 0.16%, 0, 0, 3, 88.77, 387506, 13454
5111, 0, 911, 1106, 831, 401, 0.16%, 0, 0, 3, 88.10, 387952, 13454
5116, 0, 1105, 1106, 830, 401, 0.16%, 0, 0, 3, 107.86, 388402, 13454
5121, 0, 1093, 1107, 830, 400, 0.16%, 0, 0, 3, 100.06, 388905, 13454
5126, 0, 1093, 1107, 830, 400, 0.16%, 0, 0, 3, 94.31, 389355, 13454
5131, 0, 895, 1108, 830, 399, 0.16%, 0, 0, 3, 126.54, 389819, 13454
5136, 0, 261, 1108, 829, 398, 0.16%, 0, 0, 3, 83.28, 390204, 13454
5141, 0, 261, 1110, 831, 398, 0.16%, 0, 0, 3, 117.11, 390682, 13473
5146, 0, 6, 1110, 830, 397, 0.16%, 0, 0, 3, 105.48, 391170, 13473
5152, 0, 488, 1110, 829, 396, 0.16%, 0, 0, 3, 95.73, 391614, 13473
5157, 0, 834, 1110, 828, 395, 0.16%, 0, 0, 3, 75.41, 392008, 13473
5162, 0, 702, 1110, 827, 394, 0.16%, 0, 0, 3, 98.74, 392494, 13473
5167, 0, 702, 1110, 827, 394, 0.16%, 0, 0, 3, 68.22, 392894, 13473
5172, 0, 924, 1111, 827, 393, 0.16%, 0, 0, 3, 138.81, 393388, 13477
5177, 0, 754, 1111, 826, 392, 0.16%, 0, 0, 3, 19.94, 393664, 13477
5183, 0, 1050, 1112, 826, 392, 0.16%, 0, 0, 3, 21.23, 394067, 13477
5188, 0, 1050, 1113, 827, 392, 0.16%, 0, 0, 3, 96.82, 394504, 13485
5193, 0, 36, 1114, 827, 392, 0.16%, 0, 0, 3, 127.77, 394898, 13490
5198, 0, 36, 1114, 827, 392, 0.16%, 0, 0, 3, 104.70, 395337, 13490
5203, 0, 312, 1115, 827, 392, 0.16%, 0, 0, 3, 73.09, 395624, 13492
5208, 0, 222, 1115, 826, 391, 0.16%, 0, 0, 3, 134.13, 396099, 13492
5214, 0, 222, 1116, 827, 391, 0.16%, 0, 0, 3, 105.87, 396525, 13492
5219, 0, 1021, 1116, 826, 391, 0.16%, 0, 0, 3, 48.42, 396762, 13492
5224, 0, 1021, 1116, 826, 391, 0.16%, 0, 0, 3, 53.14, 396913, 13492
5229, 0, 1021, 1116, 826, 391, 0.16%, 0, 0, 3, 38.70, 397092, 13492
5234, 0, 259, 1116, 825, 390, 0.16%, 0, 0, 3, 52.41, 397337, 13492
5239, 0, 259, 1116, 825, 390, 0.16%, 0, 0, 3, 91.72, 397756, 13492
5244, 0, 221, 1116, 824, 389, 0.16%, 0, 0, 3, 90.81, 398187, 13492
5249, 0, 37, 1116, 823, 388, 0.16%, 0, 0, 3, 69.42, 398536, 13492
5255, 0, 37, 1116, 823, 388, 0.16%, 0, 0, 3, 9.91, 398671, 13492
5260, 0, 1026, 1116, 822, 387, 0.16%, 0, 0, 3, 51.94, 398930, 13492
5265, 0, 1026, 1116, 822, 387, 0.16%, 0, 0, 3, 71.00, 399291, 13492
5270, 0, 765, 1116, 821, 386, 0.16%, 0, 0, 3, 63.65, 399645, 13492
5275, 0, 765, 1116, 821, 386, 0.16%, 0, 0, 3, 42.91, 399838, 13492
5280, 0, 193, 1117, 821, 385, 0.16%, 0, 0, 3, 63.05, 400131, 13492
5286, 0, 615, 1117, 820, 384, 0.16%, 0, 0, 3, 75.01, 400554, 13492
5291, 0, 615, 1118, 821, 384, 0.16%, 0, 0, 3, 77.39, 400889, 13492
5296, 0, 593, 1118, 820, 383, 0.16%, 0, 0, 3, 78.24, 401306, 13492
5301, 0, 301, 1119, 820, 382, 0.16%, 0, 0, 3, 93.96, 401830, 13492
5306, 0, 633, 1119, 819, 382, 0.16%, 0, 0, 3, 118.22, 402195, 13492
5311, 0, 957, 1119, 818, 381, 0.16%, 0, 0, 3, 103.49, 402700, 13492
5316, 0, 957, 1119, 818, 381, 0.16%, 0, 0, 3, 56.47, 403018, 13492
5321, 0, 1061, 1119, 817, 381, 0.16%, 0, 0, 3, 85.12, 403519, 13492
5327, 0, 431, 1120, 817, 380, 0.16%, 0, 0, 3, 86.72, 403943, 13494
5332, 0, 431, 1122, 819, 380, 0.16%, 0, 0, 3, 79.35, 404346, 13495
5337, 0, 431, 1122, 819, 380, 0.16%, 0, 0, 3, 115.89, 404775, 13495
5342, 0, 431, 1122, 819, 380, 0.16%, 0, 0, 3, 93.91, 405230, 13495
5347, 0, 431, 1122, 819, 380, 0.16%, 0, 0, 3, 114.12, 405705, 13495
5352, 0, 384, 1122, 818, 379, 0.16%, 0, 0, 3, 99.30, 405999, 13495
5357, 0, 1115, 1122, 817, 378, 0.16%, 0, 0, 3, 89.08, 406452, 13495
5363, 0, 713, 1122, 816, 377, 0.16%, 0, 0, 3, 2.21, 406860, 13495
5368, 0, 713, 1122, 816, 377, 0.16%, 0, 0, 3, 93.13, 407265, 13495
5373, 0, 836, 1122, 815, 376, 0.16%, 0, 0, 3, 28.67, 407592, 13495
5379, 0, 836, 1122, 815, 376, 0.16%, 0, 0, 3, 66.26, 407830, 13495
5384, 0, 325, 1122, 814, 375, 0.16%, 0, 0, 3, 55.11, 408138, 13495
5389, 0, 1063, 1122, 813, 374, 0.16%, 0, 0, 3, 91.05, 408650, 13495
5394, 0, 932, 1122, 812, 373, 0.16%, 0, 0, 3, 114.94, 409111, 13495
5399, 0, 637, 1122, 811, 372, 0.16%, 0, 0, 3, 99.93, 409569, 13495
5404, 0, 130, 1122, 810, 371, 0.16%, 0, 0, 3, 100.38, 410069, 13495
5410, 0, 130, 1128, 816, 371, 0.16%, 0, 0, 3, 79.34, 410378, 13518
5415, 0, 130, 1131, 819, 371, 0.16%, 0, 0, 3, 86.06, 410752, 13523
5420, 0, 130, 1132, 820, 371, 0.16%, 0, 0, 3, 91.00, 411189, 13524
5425, 0, 130, 1134, 822, 371, 0.16%, 0, 0, 3, 101.81, 411662, 13526
5431, 0, 130, 1137, 825, 371, 0.16%, 0, 0, 3, 30.42, 411910, 13531
5436, 0, 130, 1137, 825, 371, 0.16%, 0, 0, 3, 80.47, 412386, 13531
5441, 0, 130, 1139, 827, 371, 0.16%, 0, 0, 3, 104.31, 412890, 13533
5446, 0, 130, 1139, 827, 371, 0.16%, 0, 0, 3, 143.03, 413342, 13533
5451, 0, 130, 1139, 827, 371, 0.16%, 0, 0, 3, 126.91, 413948, 13533
5456, 0, 130, 1139, 827, 371, 0.16%, 0, 0, 3, 107.50, 414474, 13533
5461, 0, 130, 1139, 827, 371, 0.16%, 0, 0, 3, 102.70, 414994, 13533
5466, 0, 130, 1140, 828, 371, 0.16%, 0, 0, 3, 91.09, 415445, 13539
5471, 0, 130, 1140, 828, 371, 0.16%, 0, 0, 3, 80.12, 415865, 13539
5476, 0, 130, 1140, 828, 371, 0.16%, 0, 0, 3, 91.11, 416340, 13539
5482, 0, 130, 1140, 828, 371, 0.16%, 0, 0, 3, 92.97, 416829, 13539
5487, 0, 130, 1141, 829, 371, 0.16%, 0, 0, 3, 105.60, 417318, 13539
5492, 0, 130, 1142, 830, 371, 0.16%, 0, 0, 3, 14.41, 417656, 13540
5497, 0, 130, 1144, 832, 371, 0.16%, 0, 0, 3, 103.34, 418028, 13542
5502, 0, 130, 1144, 832, 371, 0.16%, 0, 0, 3, 98.29, 418507, 13542
5507, 0, 130, 1144, 832, 371, 0.16%, 0, 0, 3, 107.35, 418994, 13542
5512, 0, 130, 1146, 834, 371, 0.16%, 0, 0, 3, 142.16, 419400, 13544
5517, 0, 130, 1147, 835, 371, 0.16%, 0, 0, 3, 102.86, 419821, 13545
5522, 0, 130, 1147, 835, 371, 0.16%, 0, 0, 3, 97.04, 420296, 13545
5527, 0, 130, 1147, 835, 371, 0.16%, 0, 0, 3, 97.22, 420793, 13545
5532, 0, 130, 1147, 835, 371, 0.16%, 0, 0, 3, 100.73, 421313, 13545
5537, 0, 130, 1147, 835, 371, 0.16%, 0, 0, 3, 91.76, 421753, 13545
5542, 0, 130, 1147, 835, 371, 0.16%, 0, 0, 3, 104.45, 422259, 13545
5548, 0, 130, 1147, 835, 371, 0.16%, 0, 0, 3, 100.61, 422743, 13545
5553, 0, 1110, 1147, 834, 375, 0.16%, 0, 0, 3, 129.03, 423036, 13545
5558, 0, 1110, 1147, 834, 375, 0.16%, 0, 0, 3, 20.99, 423535, 13545
5563, 0, 344, 1147, 833, 374, 0.16%, 0, 0, 3, 95.61, 423868, 13545
5568, 0, 183, 1147, 832, 373, 0.16%, 0, 0, 3, 93.12, 424338, 13545
5573, 0, 317, 1147, 831, 372, 0.16%, 0, 0, 3, 92.81, 424802, 13545
5578, 0, 715, 1147, 830, 371, 0.16%, 0, 0, 3, 20.57, 425183, 13545
5583, 0, 715, 1147, 830, 371, 0.16%, 0, 0, 3, 28.88, 425394, 13545
5588, 0, 715, 1147, 830, 371, 0.16%, 0, 0, 3, 59.41, 425634, 13545
5594, 0, 493, 1147, 829, 370, 0.16%, 0, 0, 3, 86.53, 426108, 13545
5599, 0, 60, 1147, 828, 369, 0.16%, 1, 0, 3, 22.81, 426377, 13545
5604, 0, 60, 1147, 828, 369, 0.16%, 1, 0, 3, 56.21, 426588, 13545
5609, 0, 60, 1148, 829, 369, 0.16%, 1, 0, 3, 133.91, 426820, 13547
5614, 0, 645, 1148, 828, 368, 0.16%, 1, 0, 3, 111.17, 427310, 13547
5619, 0, 273, 1151, 830, 367, 0.16%, 1, 0, 3, 24.63, 427653, 13568
5625, 0, 273, 1152, 831, 367, 0.16%, 1, 0, 3, 112.08, 428148, 13574
5630, 0, 273, 1152, 831, 367, 0.16%, 1, 0, 3, 110.25, 428700, 13574
5635, 0, 273, 1153, 832, 367, 0.16%, 1, 0, 3, 91.55, 429136, 13574
5640, 0, 418, 1153, 831, 367, 0.16%, 1, 0, 3, 139.79, 429482, 13574
5645, 0, 418, 1153, 831, 367, 0.16%, 1, 0, 3, 72.56, 429854, 13574
5650, 0, 404, 1153, 830, 366, 0.16%, 1, 0, 3, 103.45, 430362, 13574
5656, 0, 210, 1153, 829, 365, 0.16%, 1, 0, 3, 106.87, 430830, 13574
5661, 0, 348, 1155, 830, 364, 0.16%, 1, 0, 3, 104.16, 431335, 13583
5667, 0, 348, 1155, 830, 364, 0.16%, 1, 0, 3, 106.38, 431862, 13583
5672, 0, 348, 1157, 832, 364, 0.16%, 1, 0, 3, 102.97, 432324, 13628
5677, 0, 348, 1157, 832, 364, 0.16%, 1, 0, 3, 105.63, 432844, 13628
5682, 0, 348, 1158, 833, 364, 0.16%, 1, 0, 3, 104.25, 433313, 13686
5687, 0, 348, 1158, 833, 364, 0.16%, 1, 0, 3, 113.14, 433884, 13686
5692, 0, 348, 1158, 833, 364, 0.16%, 1, 0, 3, 7.69, 434382, 13686
5697, 0, 348, 1158, 833, 364, 0.16%, 1, 0, 3, 93.11, 434846, 13686
5702, 0, 348, 1158, 833, 364, 0.16%, 1, 0, 3, 112.35, 435422, 13686
5707, 0, 348, 1158, 833, 364, 0.16%, 1, 0, 3, 127.88, 436054, 13686
5712, 0, 348, 1158, 833, 364, 0.16%, 1, 0, 3, 114.23, 436580, 13686
5717, 0, 348, 1158, 833, 364, 0.16%, 1, 0, 3, 116.05, 437074, 13686
5722, 0, 348, 1159, 834, 364, 0.16%, 1, 0, 3, 106.58, 437600, 13686
5728, 0, 749, 1159, 833, 366, 0.16%, 1, 0, 3, 89.14, 437896, 13686
5733, 0, 749, 1159, 833, 366, 0.16%, 1, 0, 3, 45.68, 438118, 13686
5738, 0, 749, 1160, 834, 366, 0.16%, 1, 0, 3, 65.11, 438336, 13688
5743, 0, 518, 1160, 833, 366, 0.16%, 1, 0, 3, 109.14, 438675, 13688
5748, 0, 393, 1160, 832, 365, 0.16%, 1, 0, 3, 91.23, 439105, 13688
5754, 0, 1157, 1160, 831, 364, 0.16%, 1, 0, 3, 106.10, 439694, 13688
5759, 0, 606, 1160, 830, 363, 0.16%, 1, 0, 3, 136.65, 440028, 13688
5764, 0, 837, 1160, 829, 362, 0.16%, 1, 0, 3, 85.11, 440408, 13688
5769, 0, 837, 1160, 829, 362, 0.16%, 1, 0, 3, 50.86, 440643, 13688
5774, 0, 837, 1160, 829, 362, 0.16%, 1, 0, 3, 45.98, 440872, 13688
5779, 0, 727, 1160, 828, 361, 0.16%, 1, 0, 3, 79.77, 441090, 13688
5786, 0, 727, 1161, 829, 361, 0.16%, 1, 0, 3, 23.02, 441256, 13690
5791, 0, 727, 1161, 829, 361, 0.16%, 1, 0, 3, 40.19, 441453, 13690
5796, 0, 476, 1161, 828, 360, 0.16%, 1, 0, 3, 87.46, 441898, 13690
5801, 0, 586, 1161, 827, 359, 0.16%, 1, 0, 3, 100.80, 442432, 13690
5807, 0, 725, 1161, 826, 358, 0.16%, 1, 0, 3, 103.45, 442930, 13690
5812, 0, 855, 1161, 825, 357, 0.16%, 1, 0, 3, 103.59, 443420, 13690
5817, 0, 102, 1161, 824, 356, 0.16%, 1, 0, 3, 97.01, 443854, 13690
5822, 0, 102, 1161, 824, 356, 0.16%, 1, 0, 3, 29.48, 444253, 13690
5827, 0, 250, 1161, 823, 355, 0.16%, 1, 0, 3, 7.60, 444719, 13690
5832, 0, 228, 1161, 822, 354, 0.16%, 1, 0, 3, 92.09, 445226, 13690
5837, 0, 1101, 1161, 821, 353, 0.16%, 1, 0, 3, 116.80, 445689, 13690
5842, 0, 421, 1161, 820, 352, 0.16%, 1, 0, 3, 5.58, 446114, 13690
5847, 0, 1094, 1161, 819, 351, 0.16%, 1, 0, 3, 130.00, 446637, 13690
5852, 0, 286, 1161, 818, 350, 0.16%, 1, 0, 3, 122.21, 447129, 13690
5857, 0, 309, 1161, 817, 349, 0.16%, 1, 0, 3, 108.40, 447660, 13690
5862, 0, 1124, 1161, 816, 348, 0.16%, 1, 0, 3, 84.35, 448138, 13690
5868, 0, 352, 1161, 815, 347, 0.16%, 1, 0, 3, 85.35, 448605, 13690
5873, 0, 610, 1162, 815, 346, 0.16%, 1, 0, 3, 94.89, 449112, 13690
5878, 0, 307, 1162, 814, 345, 0.16%, 1, 0, 3, 83.78, 449517, 13690
5883, 0, 405, 1162, 813, 344, 0.16%, 1, 0, 3, 105.91, 450082, 13690
5888, 0, 405, 1163, 814, 344, 0.16%, 1, 0, 3, 111.81, 450477, 13700
5893, 0, 546, 1164, 814, 343, 0.16%, 1, 0, 3, 117.09, 450845, 13702
5898, 0, 577, 1164, 813, 343, 0.16%, 1, 0, 3, 2.17, 451227, 13702
5904, 0, 577, 1164, 813, 343, 0.16%, 1, 0, 3, 69.42, 451596, 13702
5909, 0, 1162, 1164, 812, 342, 0.16%, 1, 0, 3, 96.01, 452088, 13702
5915, 0, 999, 1165, 812, 340, 0.16%, 1, 0, 3, 8.16, 452417, 13702
5920, 0, 999, 1165, 812, 340, 0.16%, 1, 0, 3, 78.69, 452826, 13702
5925, 0, 596, 1165, 811, 339, 0.16%, 1, 0, 3, 125.55, 453190, 13702
5930, 0, 613, 1166, 811, 338, 0.16%, 1, 0, 3, 96.97, 453650, 13703
5935, 0, 613, 1166, 811, 338, 0.16%, 1, 0, 3, 34.56, 453876, 13703
5940, 0, 613, 1166, 811, 338, 0.16%, 1, 0, 3, 65.66, 454204, 13703
5945, 0, 1163, 1166, 810, 338, 0.16%, 1, 0, 3, 116.76, 454608, 13703
5950, 0, 14, 1166, 809, 337, 0.16%, 1, 0, 3, 107.86, 454956, 13703
5955, 0, 14, 1166, 809, 337, 0.16%, 1, 0, 3, 69.50, 455404, 13703
5961, 0, 451, 1167, 808, 335, 0.16%, 2, 0, 3, 108.12, 455850, 13712
5966, 0, 451, 1169, 810, 335, 0.16%, 2, 0, 3, 103.32, 456315, 13722
5971, 0, 451, 1170, 811, 335, 0.16%, 2, 0, 3, 105.47, 456803, 13724
5976, 0, 451, 1171, 812, 335, 0.16%, 2, 0, 3, 140.08, 457346, 13724
5981, 0, 451, 1171, 812, 335, 0.16%, 2, 0, 3, 118.20, 457942, 13724
5986, 0, 451, 1172, 813, 335, 0.16%, 2, 0, 3, 118.25, 458484, 13725
5991, 0, 451, 1172, 813, 335, 0.16%, 2, 0, 3, 124.45, 459098, 13725
5996, 0, 451, 1172, 813, 335, 0.16%, 2, 0, 3, 122.44, 459712, 13725
6001, 0, 451, 1174, 815, 335, 0.16%, 2, 0, 3, 145.63, 460270, 13727
6007, 0, 451, 1175, 816, 335, 0.16%, 2, 0, 3, 117.86, 460835, 13728
6012, 0, 451, 1176, 817, 335, 0.16%, 2, 0, 3, 103.91, 461355, 13729
6017, 0, 451, 1177, 818, 335, 0.16%, 2, 0, 3, 96.71, 461778, 13729
6022, 0, 451, 1177, 818, 335, 0.16%, 2, 0, 3, 111.46, 462371, 13729
6027, 0, 451, 1177, 818, 335, 0.16%, 2, 0, 3, 120.75, 462947, 13729
6032, 0, 451, 1177, 818, 335, 0.16%, 2, 0, 3, 124.84, 463583, 13729
6038, 0, 451, 1177, 818, 335, 0.16%, 2, 0, 3, 122.12, 464187, 13729
6043, 0, 451, 1177, 818, 335, 0.16%, 2, 0, 3, 124.28, 464791, 13729
6048, 0, 451, 1177, 818, 335, 0.16%, 2, 0, 3, 128.27, 465413, 13729
6053, 0, 451, 1177, 818, 335, 0.16%, 2, 0, 3, 132.83, 465989, 13729
6058, 0, 451, 1177, 818, 335, 0.16%, 2, 0, 3, 107.96, 466479, 13729
6063, 0, 451, 1177, 818, 335, 0.16%, 2, 0, 3, 108.84, 467035, 13729
6068, 0, 451, 1178, 819, 335, 0.16%, 2, 0, 3, 109.14, 467570, 13730
6073, 0, 451, 1178, 819, 335, 0.16%, 2, 0, 3, 137.73, 468048, 13730
6078, 0, 451, 1178, 819, 335, 0.16%, 2, 0, 3, 85.03, 468492, 13730
6084, 0, 30, 1178, 818, 341, 0.16%, 2, 0, 3, 110.11, 468836, 13730
6089, 0, 644, 1178, 817, 340, 0.16%, 3, 0, 3, 6.13, 469171, 13730
6095, 0, 644, 1179, 818, 340, 0.16%, 3, 0, 3, 133.91, 469634, 13731
6100, 0, 716, 1179, 817, 340, 0.16%, 3, 0, 3, 88.30, 469989, 13731
6105, 0, 605, 1179, 816, 339, 0.16%, 3, 0, 3, 91.18, 470467, 13731
6110, 0, 246, 1179, 815, 338, 0.16%, 4, 0, 3, 102.16, 470989, 13731
6115, 0, 246, 1179, 815, 338, 0.16%, 4, 0, 3, 9.12, 471247, 13731
