# relative_time, cycles_done, cur_item, corpus_count, pending_total, pending_favs, map_size, saved_crashes, saved_hangs, max_depth, execs_per_sec, total_execs, edges_found
62, 0, 0, 48, 48, 1, 0.02%, 0, 0, 2, 84.05, 4821, 1923
67, 0, 0, 50, 50, 1, 0.02%, 0, 0, 2, 82.93, 5149, 1925
72, 0, 0, 52, 52, 1, 0.02%, 0, 0, 2, 56.90, 5659, 1925
78, 0, 0, 53, 53, 1, 0.02%, 0, 0, 2, 13.53, 5922, 1934
83, 0, 0, 53, 53, 1, 0.02%, 0, 0, 2, 124.74, 6384, 1934
88, 0, 0, 55, 55, 1, 0.02%, 0, 0, 2, 112.28, 6902, 1934
93, 0, 0, 61, 61, 1, 0.02%, 0, 0, 2, 80.20, 7260, 1934
98, 0, 0, 72, 71, 0, 0.04%, 0, 0, 2, 62.40, 7495, 3368
104, 0, 0, 92, 91, 0, 0.06%, 0, 0, 2, 51.88, 7695, 4887
109, 0, 0, 112, 111, 0, 0.07%, 0, 0, 2, 47.43, 7892, 5929
114, 0, 0, 132, 131, 0, 0.08%, 0, 0, 2, 46.81, 8093, 6367
119, 0, 0, 153, 152, 0, 0.08%, 0, 0, 2, 48.15, 8304, 6667
124, 0, 0, 177, 176, 0, 0.08%, 0, 0, 2, 50.55, 8539, 6984
130, 0, 0, 200, 199, 0, 0.09%, 0, 0, 2, 49.03, 8763, 7210
135, 0, 0, 213, 212, 0, 0.09%, 0, 0, 2, 39.64, 8915, 7280
140, 0, 0, 233, 232, 0, 0.09%, 0, 0, 2, 45.62, 9137, 7491
145, 0, 0, 256, 255, 0, 0.09%, 0, 0, 2, 48.40, 9355, 7725
151, 0, 0, 276, 275, 0, 0.09%, 0, 0, 2, 62.94, 9544, 7810
156, 0, 0, 299, 298, 0, 0.10%, 0, 0, 2, 55.82, 9761, 8307
161, 0, 0, 321, 320, 0, 0.10%, 0, 0, 2, 53.87, 9995, 8476
166, 0, 0, 335, 334, 0, 0.10%, 0, 0, 2, 48.80, 10176, 8574
171, 0, 0, 356, 355, 0, 0.10%, 0, 0, 2, 48.76, 10393, 8778
176, 0, 0, 374, 373, 0, 0.11%, 0, 0, 2, 45.69, 10589, 8890
181, 0, 0, 395, 394, 0, 0.11%, 0, 0, 2, 61.72, 10797, 8934
186, 0, 0, 421, 420, 0, 0.11%, 0, 0, 2, 57.96, 11053, 9054
192, 0, 0, 443, 442, 0, 0.11%, 0, 0, 2, 51.83, 11261, 9176
197, 0, 0, 470, 469, 0, 0.11%, 0, 0, 2, 53.35, 11532, 9288
202, 0, 0, 490, 489, 0, 0.11%, 0, 0, 2, 47.05, 11747, 9345
207, 0, 0, 504, 503, 0, 0.11%, 0, 0, 2, 43.26, 11917, 9387
213, 0, 0, 532, 531, 0, 0.11%, 0, 0, 2, 52.63, 12189, 9524
218, 0, 0, 560, 559, 0, 0.12%, 0, 0, 2, 56.77, 12476, 9664
223, 0, 0, 580, 579, 0, 0.12%, 0, 0, 2, 48.66, 12678, 9760
229, 0, 0, 603, 602, 0, 0.12%, 0, 0, 2, 48.38, 12914, 9865
234, 0, 0, 628, 627, 0, 0.12%, 0, 0, 2, 51.64, 13161, 9947
239, 0, 0, 654, 653, 0, 0.12%, 0, 0, 2, 53.49, 13422, 10062
244, 0, 0, 677, 676, 0, 0.12%, 0, 0, 2, 49.03, 13649, 10168
249, 0, 0, 703, 702, 0, 0.12%, 0, 0, 2, 51.69, 13898, 10327
254, 0, 0, 721, 720, 0, 0.13%, 0, 0, 2, 45.72, 14089, 10536
260, 0, 0, 740, 739, 0, 0.13%, 0, 0, 2, 45.58, 14283, 10648
265, 0, 0, 761, 760, 0, 0.13%, 0, 0, 2, 47.83, 14488, 10738
271, 0, 0, 793, 792, 0, 0.13%, 0, 0, 2, 54.51, 14809, 10836
276, 0, 0, 818, 817, 0, 0.13%, 0, 0, 2, 55.15, 15053, 10885
281, 0, 542, 824, 823, 554, 0.13%, 0, 0, 2, 51.64, 15175, 10885
286, 0, 90, 824, 822, 553, 0.13%, 0, 0, 2, 85.98, 15541, 10885
291, 0, 67, 824, 821, 552, 0.13%, 0, 0, 2, 97.57, 15762, 10885
296, 0, 294, 824, 820, 551, 0.13%, 0, 0, 2, 93.07, 16199, 10885
301, 0, 650, 825, 820, 550, 0.13%, 0, 0, 2, 136.77, 16666, 10885
307, 0, 530, 825, 818, 549, 0.13%, 0, 0, 2, 86.55, 17020, 10885
312, 0, 195, 826, 817, 548, 0.13%, 0, 0, 2, 141.86, 17436, 10885
317, 0, 727, 829, 819, 548, 0.13%, 0, 0, 2, 107.37, 17797, 10886
322, 0, 369, 830, 819, 547, 0.13%, 0, 0, 2, 98.32, 18242, 10886
327, 0, 243, 830, 817, 545, 0.13%, 0, 0, 2, 16.50, 18552, 10886
332, 0, 179, 830, 816, 544, 0.13%, 0, 0, 2, 116.66, 19018, 10886
337, 0, 621, 830, 814, 542, 0.13%, 0, 0, 2, 117.33, 19588, 10886
343, 0, 238, 830, 813, 541, 0.13%, 0, 0, 2, 28.99, 19860, 10886
348, 0, 213, 831, 812, 540, 0.13%, 0, 0, 2, 4.41, 20233, 10888
354, 0, 158, 832, 812, 540, 0.13%, 0, 0, 2, 14.32, 20600, 10893
359, 0, 158, 833, 813, 540, 0.13%, 0, 0, 2, 78.14, 20851, 10895
364, 0, 671, 833, 812, 539, 0.13%, 0, 0, 2, 29.00, 21107, 10895
369, 0, 64, 835, 812, 537, 0.13%, 0, 0, 2, 67.81, 21502, 10903
375, 0, 798, 835, 811, 537, 0.13%, 0, 0, 2, 7.84, 21947, 10903
380, 0, 16, 835, 810, 536, 0.13%, 0, 0, 2, 78.12, 22321, 10903
385, 0, 806, 835, 809, 535, 0.13%, 0, 0, 2, 138.86, 22720, 10903
390, 0, 292, 835, 807, 533, 0.13%, 0, 0, 2, 116.46, 23117, 10903
396, 0, 411, 836, 807, 532, 0.13%, 0, 0, 2, 4.39, 23307, 10904
401, 0, 762, 836, 805, 530, 0.13%, 0, 0, 2, 95.13, 23822, 10904
406, 0, 263, 836, 803, 528, 0.13%, 0, 0, 2, 106.63, 24378, 10904
412, 0, 92, 836, 802, 527, 0.13%, 0, 0, 2, 78.92, 24752, 10904
417, 0, 92, 837, 803, 527, 0.13%, 0, 0, 2, 44.00, 24884, 10906
422, 0, 302, 837, 801, 525, 0.13%, 0, 0, 2, 105.44, 25394, 10906
427, 0, 397, 837, 799, 523, 0.13%, 0, 0, 2, 101.28, 25886, 10906
433, 0, 563, 838, 798, 521, 0.13%, 0, 0, 2, 10.71, 26338, 10906
438, 0, 404, 838, 797, 520, 0.13%, 0, 0, 2, 105.69, 26834, 10906
444, 0, 669, 839, 796, 518, 0.13%, 0, 0, 2, 15.62, 27173, 10910
449, 0, 83, 840, 796, 517, 0.13%, 0, 0, 2, 118.57, 27652, 10911
454, 0, 837, 841, 795, 515, 0.13%, 0, 0, 2, 113.84, 28083, 10911
460, 0, 564, 843, 796, 514, 0.13%, 0, 0, 3, 18.73, 28575, 10911
465, 0, 124, 843, 795, 513, 0.13%, 0, 0, 3, 107.91, 29014, 10911
470, 0, 426, 843, 793, 511, 0.13%, 0, 0, 3, 91.87, 29471, 10911
475, 0, 123, 843, 791, 509, 0.13%, 0, 0, 3, 108.66, 30022, 10911
480, 0, 75, 843, 789, 507, 0.13%, 0, 0, 3, 137.85, 30521, 10911
485, 0, 723, 844, 789, 506, 0.13%, 0, 0, 3, 62.75, 30891, 10911
490, 0, 471, 844, 787, 504, 0.13%, 0, 0, 3, 90.18, 31347, 10911
495, 0, 718, 844, 786, 503, 0.13%, 0, 0, 3, 87.86, 31813, 10911
500, 0, 833, 844, 784, 501, 0.13%, 0, 0, 3, 105.78, 32347, 10911
506, 0, 581, 844, 782, 499, 0.13%, 0, 0, 3, 105.53, 32863, 10911
511, 0, 831, 845, 781, 497, 0.13%, 0, 0, 3, 99.58, 33322, 10913
516, 0, 510, 845, 780, 497, 0.13%, 0, 0, 3, 5.22, 33634, 10913
521, 0, 610, 845, 779, 496, 0.13%, 0, 0, 3, 124.00, 34072, 10913
526, 0, 522, 845, 777, 494, 0.13%, 0, 0, 3, 86.91, 34464, 10913
531, 0, 174, 845, 776, 493, 0.13%, 0, 0, 3, 84.29, 34903, 10913
536, 0, 800, 845, 775, 492, 0.13%, 0, 0, 3, 7.69, 35207, 10913
541, 0, 711, 848, 777, 491, 0.13%, 0, 0, 3, 112.75, 35767, 10917
546, 0, 711, 850, 779, 491, 0.13%, 0, 0, 3, 112.64, 36270, 10917
551, 0, 711, 850, 779, 491, 0.13%, 0, 0, 3, 121.30, 36902, 10917
556, 0, 711, 850, 779, 491, 0.13%, 0, 0, 3, 116.27, 37446, 10917
562, 0, 500, 850, 778, 495, 0.13%, 0, 0, 3, 12.91, 37910, 10917
567, 0, 311, 850, 777, 494, 0.13%, 0, 0, 3, 109.30, 38342, 10917
572, 0, 432, 851, 776, 492, 0.13%, 0, 0, 3, 134.90, 38809, 10917
578, 0, 447, 851, 775, 491, 0.13%, 0, 0, 3, 107.06, 39316, 10917
583, 0, 394, 851, 773, 489, 0.13%, 0, 0, 3, 20.62, 39667, 10917
588, 0, 751, 851, 772, 488, 0.13%, 0, 0, 3, 120.54, 40109, 10917
593, 0, 235, 855, 775, 487, 0.13%, 0, 0, 3, 130.52, 40569, 10919
598, 0, 235, 856, 776, 487, 0.13%, 0, 0, 3, 135.49, 40938, 10920
603, 0, 235, 856, 776, 487, 0.13%, 0, 0, 3, 87.30, 41373, 10920
608, 0, 235, 856, 776, 487, 0.13%, 0, 0, 3, 105.10, 41912, 10920
614, 0, 235, 857, 777, 487, 0.13%, 0, 0, 3, 89.10, 42336, 10938
619, 0, 235, 859, 779, 487, 0.13%, 0, 0, 3, 91.80, 42780, 10940
624, 0, 235, 859, 779, 487, 0.13%, 0, 0, 3, 90.94, 43220, 10940
629, 0, 235, 859, 779, 487, 0.13%, 0, 0, 3, 17.79, 43634, 10940
634, 0, 235, 859, 779, 487, 0.13%, 0, 0, 3, 107.28, 44092, 10940
639, 0, 235, 859, 779, 487, 0.13%, 0, 0, 3, 87.11, 44508, 10940
644, 0, 235, 859, 779, 487, 0.13%, 0, 0, 3, 93.63, 44929, 10940
650, 0, 743, 859, 778, 486, 0.13%, 0, 0, 3, 6.95, 45267, 10940
656, 0, 448, 859, 777, 485, 0.13%, 0, 0, 3, 70.26, 45754, 10940
661, 0, 748, 859, 775, 483, 0.13%, 0, 0, 3, 7.15, 46091, 10940
666, 0, 511, 859, 774, 482, 0.13%, 0, 0, 3, 14.71, 46629, 10940
671, 0, 307, 859, 772, 480, 0.13%, 0, 0, 3, 117.77, 47189, 10940
676, 0, 349, 859, 771, 479, 0.13%, 0, 0, 3, 98.95, 47633, 10940
681, 0, 383, 859, 770, 478, 0.13%, 0, 0, 3, 7.74, 47741, 10940
686, 0, 383, 859, 770, 478, 0.13%, 0, 0, 3, 22.31, 47875, 10940
692, 0, 667, 859, 769, 477, 0.13%, 0, 0, 3, 49.83, 47970, 10940
698, 0, 372, 860, 769, 476, 0.13%, 0, 0, 3, 8.63, 48308, 10940
703, 0, 776, 860, 767, 474, 0.13%, 0, 0, 3, 108.89, 48876, 10940
708, 0, 706, 860, 766, 473, 0.13%, 0, 0, 3, 100.65, 49339, 10940
713, 0, 645, 860, 765, 472, 0.13%, 0, 0, 3, 26.41, 49684, 10940
718, 0, 266, 860, 763, 470, 0.13%, 0, 0, 3, 129.72, 50017, 10940
723, 0, 740, 860, 761, 468, 0.13%, 0, 0, 3, 111.29, 50515, 10940
728, 0, 626, 860, 760, 467, 0.13%, 0, 0, 3, 112.33, 50945, 10940
733, 0, 851, 860, 758, 465, 0.13%, 0, 0, 3, 108.55, 51457, 10940
738, 0, 764, 860, 756, 463, 0.13%, 0, 0, 3, 102.22, 51936, 10940
743, 0, 102, 860, 755, 462, 0.13%, 0, 0, 3, 115.10, 52359, 10940
748, 0, 502, 860, 753, 460, 0.13%, 0, 0, 3, 132.58, 52908, 10940
753, 0, 662, 860, 751, 458, 0.13%, 0, 0, 3, 98.02, 53353, 10940
758, 0, 566, 861, 750, 456, 0.15%, 0, 0, 3, 94.45, 53767, 12402
764, 0, 566, 862, 751, 456, 0.15%, 0, 0, 3, 87.28, 54190, 12402
769, 0, 438, 862, 749, 452, 0.15%, 0, 0, 3, 108.84, 54548, 12402
774, 0, 85, 862, 748, 451, 0.15%, 0, 0, 3, 109.12, 55036, 12402
779, 0, 77, 862, 746, 449, 0.15%, 0, 0, 3, 106.17, 55567, 12402
784, 0, 473, 862, 744, 447, 0.15%, 0, 0, 3, 110.19, 56034, 12402
790, 0, 690, 862, 742, 445, 0.15%, 0, 0, 3, 104.25, 56562, 12402
796, 0, 318, 863, 741, 444, 0.15%, 0, 0, 3, 0.83, 57015, 12404
801, 0, 678, 863, 740, 443, 0.15%, 0, 0, 3, 58.31, 57527, 12404
806, 0, 692, 863, 738, 441, 0.15%, 0, 0, 3, 85.65, 57975, 12404
811, 0, 629, 863, 736, 439, 0.15%, 0, 0, 3, 105.31, 58389, 12404
816, 0, 554, 863, 735, 438, 0.15%, 0, 0, 3, 96.90, 58880, 12404
821, 0, 787, 863, 733, 436, 0.15%, 0, 0, 3, 144.28, 59247, 12404
826, 0, 163, 863, 732, 435, 0.15%, 0, 0, 3, 23.04, 59594, 12404
832, 0, 860, 863, 731, 434, 0.15%, 0, 0, 3, 22.72, 59768, 12404
837, 0, 860, 866, 734, 434, 0.15%, 0, 0, 3, 39.60, 59959, 12413
842, 0, 860, 868, 736, 434, 0.15%, 0, 0, 3, 53.65, 60225, 12417
847, 0, 860, 870, 738, 434, 0.15%, 0, 0, 3, 55.91, 60462, 12419
852, 0, 860, 872, 740, 434, 0.15%, 0, 0, 3, 56.48, 60706, 12433
857, 0, 860, 872, 740, 434, 0.15%, 0, 0, 3, 53.24, 61004, 12433
862, 0, 860, 873, 741, 434, 0.15%, 0, 0, 3, 56.74, 61284, 12435
868, 0, 860, 873, 741, 434, 0.15%, 0, 0, 3, 87.00, 61602, 12435
873, 0, 860, 873, 741, 434, 0.15%, 0, 0, 3, 65.21, 61906, 12435
878, 0, 860, 874, 742, 434, 0.15%, 0, 0, 3, 70.05, 62212, 12436
883, 0, 860, 875, 743, 434, 0.15%, 0, 0, 3, 64.41, 62505, 12437
888, 0, 860, 875, 743, 434, 0.15%, 0, 0, 3, 60.90, 62813, 12437
893, 0, 860, 875, 743, 434, 0.15%, 0, 0, 3, 55.36, 63105, 12437
898, 0, 860, 875, 743, 434, 0.15%, 0, 0, 3, 55.56, 63392, 12437
904, 0, 860, 875, 743, 434, 0.15%, 0, 0, 3, 57.62, 63678, 12437
909, 0, 860, 875, 743, 434, 0.15%, 0, 0, 3, 61.47, 64009, 12437
914, 0, 860, 876, 744, 434, 0.15%, 0, 0, 3, 61.25, 64298, 12438
919, 0, 860, 876, 744, 434, 0.15%, 0, 0, 3, 59.30, 64593, 12438
924, 0, 860, 876, 744, 434, 0.15%, 0, 0, 3, 64.66, 64885, 12438
929, 0, 860, 877, 745, 434, 0.15%, 0, 0, 3, 61.88, 65156, 12461
934, 0, 860, 878, 746, 434, 0.15%, 0, 0, 3, 59.49, 65446, 12469
939, 0, 860, 878, 746, 434, 0.15%, 0, 0, 3, 59.82, 65759, 12469
945, 0, 860, 878, 746, 434, 0.15%, 0, 0, 3, 67.09, 66083, 12469
950, 0, 860, 878, 746, 434, 0.15%, 0, 0, 3, 63.89, 66404, 12469
955, 0, 813, 879, 746, 438, 0.15%, 0, 0, 3, 5.78, 66682, 12487
961, 0, 535, 879, 745, 437, 0.15%, 0, 0, 3, 90.47, 67131, 12487
966, 0, 284, 879, 743, 435, 0.15%, 0, 0, 3, 139.94, 67505, 12487
971, 0, 677, 879, 742, 434, 0.15%, 0, 0, 3, 43.06, 67779, 12487
976, 0, 437, 880, 742, 433, 0.15%, 0, 0, 3, 89.83, 68276, 12499
982, 0, 849, 881, 741, 433, 0.15%, 0, 0, 3, 2.89, 68648, 12500
987, 0, 707, 881, 740, 432, 0.15%, 0, 0, 3, 112.84, 69189, 12500
992, 0, 772, 881, 738, 430, 0.15%, 0, 0, 3, 86.61, 69606, 12500
999, 0, 459, 882, 737, 429, 0.15%, 0, 0, 4, 16.61, 70084, 12501
1004, 0, 795, 882, 736, 428, 0.15%, 0, 0, 4, 104.71, 70558, 12501
1009, 0, 358, 882, 734, 426, 0.15%, 0, 0, 4, 136.27, 71031, 12501
1014, 0, 794, 882, 732, 424, 0.15%, 0, 0, 4, 93.22, 71439, 12501
1020, 0, 258, 882, 731, 423, 0.15%, 0, 0, 4, 115.60, 71938, 12501
1025, 0, 167, 882, 729, 421, 0.15%, 0, 0, 4, 107.03, 72413, 12501
1030, 0, 188, 882, 727, 419, 0.15%, 0, 0, 4, 129.99, 72789, 12501
1035, 0, 188, 889, 734, 419, 0.15%, 0, 0, 4, 103.02, 73115, 12981
1040, 0, 188, 893, 738, 419, 0.15%, 0, 0, 4, 102.56, 73522, 12989
1045, 0, 188, 896, 741, 419, 0.15%, 0, 0, 4, 84.75, 73894, 12997
1051, 0, 188, 897, 742, 419, 0.15%, 0, 0, 4, 111.17, 74461, 12997
1056, 0, 188, 898, 743, 419, 0.15%, 0, 0, 4, 130.09, 75112, 12999
1061, 0, 188, 899, 744, 419, 0.15%, 0, 0, 4, 124.16, 75674, 13001
1066, 0, 188, 899, 744, 419, 0.15%, 0, 0, 4, 128.95, 76342, 13001
1071, 0, 188, 899, 744, 419, 0.15%, 0, 0, 4, 118.64, 76928, 13001
1076, 0, 188, 899, 744, 419, 0.15%, 0, 0, 4, 106.54, 77498, 13001
1081, 0, 188, 899, 744, 419, 0.15%, 0, 0, 4, 105.72, 78034, 13001
1087, 0, 741, 900, 743, 422, 0.15%, 0, 0, 4, 1.62, 78354, 13002
1092, 0, 643, 901, 743, 421, 0.16%, 0, 0, 4, 108.81, 78839, 13004
1097, 0, 185, 901, 742, 421, 0.16%, 0, 0, 4, 21.16, 79053, 13004
1103, 0, 229, 901, 741, 420, 0.16%, 0, 0, 4, 1.46, 79261, 13004
1108, 0, 229, 901, 741, 420, 0.16%, 0, 0, 4, 53.87, 79504, 13004
1113, 0, 633, 901, 739, 418, 0.16%, 0, 0, 4, 81.02, 79930, 13004
1119, 0, 234, 901, 737, 416, 0.16%, 0, 0, 4, 82.06, 80391, 13004
1124, 0, 757, 901, 736, 415, 0.16%, 0, 0, 4, 53.76, 80620, 13004
1129, 0, 757, 901, 736, 415, 0.16%, 0, 0, 4, 53.97, 80887, 13004
1134, 0, 524, 902, 735, 414, 0.16%, 0, 0, 4, 78.23, 81247, 13004
1139, 0, 514, 902, 734, 413, 0.16%, 0, 0, 4, 130.62, 81673, 13004
1144, 0, 418, 902, 732, 411, 0.16%, 0, 0, 4, 139.39, 82150, 13004
1149, 0, 344, 902, 730, 409, 0.16%, 0, 0, 4, 109.87, 82672, 13004
1155, 0, 408, 902, 728, 407, 0.16%, 0, 0, 4, 114.00, 83221, 13004
1160, 0, 838, 902, 726, 405, 0.16%, 0, 0, 4, 103.46, 83744, 13004
1165, 0, 285, 903, 726, 404, 0.16%, 0, 0, 4, 22.62, 84012, 13006
1170, 0, 285, 904, 727, 404, 0.16%, 0, 0, 4, 40.17, 84242, 13008
1175, 0, 153, 904, 726, 405, 0.16%, 0, 0, 4, 8.46, 84419, 13008
1180, 0, 465, 904, 725, 404, 0.16%, 0, 0, 4, 104.63, 84934, 13008
1185, 0, 279, 904, 723, 402, 0.16%, 0, 0, 4, 102.07, 85437, 13008
1191, 0, 616, 904, 721, 400, 0.16%, 0, 0, 4, 92.77, 85885, 13008
1196, 0, 628, 904, 719, 398, 0.16%, 0, 0, 4, 115.72, 86520, 13008
1201, 0, 863, 904, 718, 397, 0.16%, 0, 0, 4, 92.45, 86877, 13008
1206, 0, 735, 904, 716, 395, 0.16%, 0, 0, 4, 110.45, 87411, 13008
1211, 0, 900, 904, 714, 393, 0.16%, 0, 0, 4, 114.98, 87990, 13008
1216, 0, 215, 904, 712, 391, 0.16%, 0, 0, 4, 107.33, 88514, 13008
1221, 0, 398, 904, 710, 389, 0.16%, 0, 0, 4, 92.42, 88912, 13008
1226, 0, 559, 904, 709, 388, 0.16%, 0, 0, 4, 91.60, 89348, 13008
1231, 0, 696, 904, 707, 386, 0.16%, 0, 0, 4, 96.86, 89851, 13008
1237, 0, 716, 904, 705, 384, 0.16%, 0, 0, 4, 120.22, 90363, 13008
1243, 0, 186, 905, 704, 383, 0.16%, 0, 0, 4, 10.57, 90820, 13012
1248, 0, 350, 905, 703, 382, 0.16%, 0, 0, 4, 107.91, 91317, 13012
1253, 0, 481, 905, 701, 380, 0.16%, 0, 0, 4, 131.92, 91814, 13012
1258, 0, 451, 905, 699, 378, 0.16%, 0, 0, 4, 111.15, 92293, 13012
1263, 0, 785, 905, 698, 377, 0.16%, 0, 0, 4, 85.87, 92690, 13012
1268, 0, 594, 905, 696, 375, 0.16%, 0, 0, 4, 77.14, 93079, 13012
1273, 0, 192, 905, 694, 373, 0.16%, 0, 0, 4, 92.52, 93562, 13012
1279, 0, 536, 905, 692, 371, 0.16%, 0, 0, 4, 114.20, 94141, 13012
1284, 0, 515, 905, 691, 370, 0.16%, 0, 0, 4, 98.67, 94594, 13012
1289, 0, 862, 905, 688, 367, 0.16%, 0, 0, 4, 114.14, 95144, 13012
1294, 0, 639, 905, 687, 366, 0.16%, 0, 0, 4, 126.25, 95464, 13012
1299, 0, 389, 905, 685, 364, 0.16%, 0, 0, 4, 115.42, 96025, 13012
1304, 0, 462, 905, 683, 362, 0.16%, 0, 0, 4, 98.76, 96486, 13012
1309, 0, 788, 905, 682, 361, 0.16%, 0, 0, 4, 102.07, 96905, 13012
1314, 0, 103, 905, 680, 359, 0.16%, 0, 0, 4, 89.66, 97374, 13012
1320, 0, 329, 905, 679, 358, 0.16%, 0, 0, 4, 120.63, 97796, 13012
1325, 0, 415, 905, 677, 356, 0.16%, 0, 0, 4, 101.32, 98272, 13012
1330, 0, 445, 905, 675, 354, 0.16%, 0, 0, 4, 103.21, 98789, 13012
1335, 0, 507, 905, 673, 352, 0.16%, 0, 0, 4, 90.75, 99232, 13012
1340, 0, 367, 906, 672, 350, 0.16%, 0, 0, 4, 145.08, 99784, 13019
1345, 0, 257, 906, 671, 350, 0.16%, 0, 0, 4, 93.35, 100163, 13019
1350, 0, 516, 906, 670, 349, 0.16%, 0, 0, 4, 109.10, 100478, 13019
1355, 0, 852, 906, 668, 347, 0.16%, 0, 0, 4, 114.53, 101028, 13019
1360, 0, 341, 906, 666, 345, 0.16%, 0, 0, 4, 104.38, 101474, 13019
1365, 0, 835, 906, 664, 343, 0.16%, 0, 0, 4, 92.16, 101919, 13019
1370, 0, 902, 906, 662, 341, 0.16%, 0, 0, 4, 95.47, 102389, 13019
1375, 0, 360, 909, 664, 340, 0.16%, 0, 0, 4, 143.96, 102921, 13023
1380, 0, 770, 909, 663, 341, 0.16%, 0, 0, 4, 43.68, 103336, 13023
1385, 0, 602, 909, 662, 340, 0.16%, 0, 0, 4, 88.25, 103820, 13023
1391, 0, 782, 909, 659, 337, 0.16%, 0, 0, 4, 107.61, 104347, 13023
1396, 0, 659, 909, 658, 336, 0.16%, 0, 0, 4, 99.76, 104819, 13023
1401, 0, 903, 910, 657, 334, 0.16%, 0, 0, 4, 58.29, 105240, 13056
1407, 0, 513, 910, 656, 333, 0.16%, 0, 0, 4, 9.89, 105474, 13056
1412, 0, 207, 910, 655, 332, 0.16%, 0, 0, 4, 2.00, 105896, 13056
1417, 0, 393, 910, 653, 330, 0.16%, 0, 0, 4, 81.27, 106333, 13056
1422, 0, 611, 910, 652, 329, 0.16%, 0, 0, 4, 112.65, 106750, 13056
1427, 0, 281, 911, 651, 327, 0.16%, 0, 0, 4, 108.89, 107266, 13057
1433, 0, 904, 911, 650, 327, 0.16%, 0, 0, 4, 103.61, 107616, 13057
1438, 0, 164, 911, 649, 326, 0.16%, 0, 0, 4, 49.21, 107864, 13057
1443, 0, 433, 911, 648, 325, 0.16%, 0, 0, 4, 77.41, 108224, 13057
1448, 0, 150, 911, 646, 323, 0.16%, 0, 0, 4, 79.68, 108647, 13057
1454, 0, 308, 911, 645, 322, 0.16%, 0, 0, 4, 24.91, 108798, 13057
1459, 0, 157, 911, 644, 321, 0.16%, 0, 0, 4, 20.48, 109160, 13057
1464, 0, 157, 911, 644, 321, 0.16%, 0, 0, 4, 35.37, 109371, 13057
1470, 0, 359, 911, 642, 319, 0.16%, 0, 0, 4, 79.13, 109780, 13057
1475, 0, 143, 911, 640, 317, 0.16%, 0, 0, 4, 128.94, 110281, 13057
1480, 0, 495, 911, 638, 315, 0.16%, 0, 0, 4, 134.13, 110774, 13057
1485, 0, 382, 911, 637, 314, 0.16%, 0, 0, 4, 16.92, 111218, 13057
1490, 0, 689, 911, 635, 312, 0.16%, 0, 0, 4, 66.34, 111592, 13057
1495, 0, 291, 911, 633, 310, 0.16%, 0, 0, 4, 146.04, 112079, 13057
1500, 0, 291, 911, 633, 310, 0.16%, 0, 0, 4, 40.37, 112324, 13057
1505, 0, 905, 911, 631, 308, 0.16%, 0, 0, 4, 93.46, 112890, 13057
1511, 0, 608, 911, 628, 305, 0.16%, 0, 0, 4, 110.34, 113438, 13057
1516, 0, 763, 911, 627, 304, 0.16%, 0, 0, 4, 89.57, 113906, 13057
1521, 0, 246, 911, 626, 303, 0.16%, 0, 0, 4, 33.41, 114182, 13057
1526, 0, 545, 911, 625, 302, 0.16%, 0, 0, 4, 69.42, 114493, 13057
1531, 0, 376, 911, 623, 300, 0.16%, 0, 0, 4, 96.42, 114993, 13057
1536, 0, 282, 911, 622, 299, 0.16%, 0, 0, 4, 108.84, 115410, 13057
1542, 0, 268, 911, 621, 298, 0.16%, 0, 0, 4, 30.77, 115639, 13057
1547, 0, 95, 913, 622, 297, 0.16%, 0, 0, 4, 78.96, 116079, 13057
1552, 0, 441, 913, 621, 296, 0.16%, 0, 0, 4, 100.19, 116357, 13057
1557, 0, 326, 913, 619, 294, 0.16%, 0, 0, 4, 100.04, 116841, 13057
1562, 0, 651, 913, 617, 292, 0.16%, 0, 0, 4, 143.07, 117303, 13057
1567, 0, 654, 914, 616, 291, 0.16%, 0, 0, 4, 18.01, 117747, 13063
1572, 0, 508, 915, 616, 290, 0.16%, 0, 0, 4, 144.32, 118233, 13063
1577, 0, 911, 915, 614, 288, 0.16%, 0, 0, 4, 81.67, 118714, 13063
1582, 0, 320, 915, 613, 287, 0.16%, 0, 0, 4, 104.24, 119041, 13063
1587, 0, 806, 915, 611, 285, 0.16%, 0, 0, 4, 96.66, 119531, 13063
1593, 0, 806, 915, 611, 285, 0.16%, 0, 0, 4, 91.70, 119942, 13063
1598, 0, 806, 915, 611, 285, 0.16%, 0, 0, 4, 86.96, 120369, 13063
1603, 0, 687, 915, 610, 284, 0.16%, 0, 0, 4, 86.36, 120818, 13063
1608, 0, 569, 915, 608, 282, 0.16%, 0, 0, 4, 115.56, 121272, 13063
1613, 0, 196, 915, 607, 281, 0.16%, 0, 0, 4, 25.70, 121747, 13063
1618, 0, 825, 915, 605, 279, 0.16%, 0, 0, 4, 71.75, 122090, 13063
1623, 0, 458, 915, 604, 278, 0.16%, 0, 0, 4, 81.31, 122542, 13063
1628, 0, 304, 915, 602, 276, 0.16%, 0, 0, 4, 103.44, 123054, 13063
1634, 0, 365, 915, 600, 274, 0.16%, 0, 0, 4, 20.80, 123480, 13063
1639, 0, 578, 915, 599, 273, 0.16%, 0, 0, 4, 100.52, 123904, 13063
1644, 0, 548, 915, 597, 271, 0.16%, 0, 0, 4, 102.44, 124426, 13063
1650, 0, 828, 916, 596, 270, 0.16%, 0, 0, 4, 4.68, 124888, 13084
1655, 0, 160, 916, 595, 269, 0.16%, 0, 0, 4, 91.16, 125245, 13084
1660, 0, 414, 916, 594, 268, 0.16%, 0, 0, 4, 128.91, 125595, 13084
1666, 0, 909, 916, 593, 267, 0.16%, 0, 0, 4, 77.71, 125933, 13084
1671, 0, 733, 917, 593, 266, 0.16%, 0, 0, 4, 124.57, 126268, 13086
1676, 0, 791, 917, 591, 264, 0.16%, 0, 0, 4, 112.23, 126780, 13086
1681, 0, 683, 917, 589, 262, 0.16%, 0, 0, 4, 9.13, 127163, 13086
1686, 0, 582, 917, 588, 261, 0.16%, 0, 0, 4, 92.52, 127638, 13086
1691, 0, 886, 917, 586, 259, 0.16%, 0, 0, 4, 102.38, 128163, 13086
1696, 0, 647, 917, 584, 257, 0.16%, 0, 0, 4, 106.95, 128677, 13086
1701, 0, 811, 917, 581, 254, 0.16%, 0, 0, 4, 95.75, 129146, 13086
1707, 0, 685, 917, 580, 253, 0.16%, 0, 0, 4, 120.07, 129593, 13086
1712, 0, 672, 917, 578, 251, 0.16%, 0, 0, 4, 134.51, 129928, 13086
1717, 0, 413, 917, 577, 250, 0.16%, 0, 0, 4, 99.19, 130394, 13086
1722, 0, 274, 917, 575, 248, 0.16%, 0, 0, 4, 128.84, 130781, 13086
1727, 0, 775, 917, 574, 247, 0.16%, 0, 0, 4, 117.22, 131197, 13086
1732, 0, 907, 917, 572, 245, 0.16%, 0, 0, 4, 102.78, 131700, 13086
1737, 0, 78, 918, 571, 243, 0.16%, 0, 0, 4, 103.48, 132182, 13086
1742, 0, 737, 918, 570, 242, 0.16%, 0, 0, 4, 34.19, 132431, 13086
1748, 0, 744, 918, 569, 241, 0.16%, 0, 0, 4, 84.26, 132900, 13086
1753, 0, 360, 919, 569, 240, 0.16%, 0, 0, 4, 112.26, 133497, 13087
1758, 0, 360, 921, 571, 240, 0.16%, 0, 0, 4, 124.49, 134100, 13087
1763, 0, 360, 922, 572, 240, 0.16%, 0, 0, 4, 113.40, 134639, 13087
1768, 0, 360, 923, 573, 240, 0.16%, 0, 0, 4, 107.41, 135203, 13095
1773, 0, 360, 923, 573, 240, 0.16%, 0, 0, 4, 129.93, 135721, 13095
1778, 0, 360, 924, 574, 240, 0.16%, 0, 0, 4, 120.04, 136298, 13095
1783, 0, 360, 924, 574, 240, 0.16%, 0, 0, 4, 115.43, 136848, 13095
1789, 0, 360, 924, 574, 240, 0.16%, 0, 0, 4, 119.06, 137458, 13095
1794, 0, 360, 925, 575, 240, 0.16%, 0, 0, 4, 103.83, 137969, 13095
1799, 0, 360, 925, 575, 240, 0.16%, 0, 0, 4, 114.44, 138563, 13095
1804, 0, 360, 925, 575, 240, 0.16%, 0, 0, 4, 110.49, 139137, 13095
1809, 0, 605, 925, 575, 243, 0.16%, 0, 0, 4, 122.85, 139487, 13095
1815, 0, 340, 925, 574, 242, 0.16%, 0, 0, 4, 32.38, 139773, 13095
1820, 0, 182, 925, 572, 240, 0.16%, 0, 0, 4, 73.80, 140147, 13095
1825, 0, 94, 925, 571, 239, 0.16%, 0, 0, 4, 97.16, 140650, 13095
1830, 0, 121, 926, 570, 238, 0.16%, 0, 0, 4, 127.31, 141041, 13100
1835, 0, 845, 926, 569, 238, 0.16%, 0, 0, 4, 137.71, 141507, 13100
1840, 0, 349, 926, 569, 238, 0.16%, 0, 0, 4, 120.16, 142055, 13100
1845, 0, 349, 926, 569, 238, 0.16%, 0, 0, 4, 108.13, 142500, 13100
1850, 0, 349, 926, 569, 238, 0.16%, 0, 0, 4, 84.43, 142928, 13100
1855, 0, 333, 926, 569, 238, 0.16%, 0, 0, 4, 87.03, 143344, 13100
1860, 0, 552, 927, 568, 236, 0.16%, 0, 0, 4, 98.64, 143852, 13100
1865, 0, 565, 928, 568, 236, 0.16%, 0, 0, 4, 67.18, 144131, 13114
1870, 0, 431, 928, 567, 235, 0.16%, 0, 0, 4, 77.84, 144527, 13114
1876, 0, 523, 928, 565, 233, 0.16%, 0, 0, 4, 101.55, 145060, 13114
1881, 0, 750, 928, 563, 231, 0.16%, 0, 0, 4, 3.85, 145461, 13114
1886, 0, 750, 928, 563, 231, 0.16%, 0, 0, 4, 41.33, 145663, 13114
1891, 0, 262, 928, 561, 229, 0.16%, 0, 0, 4, 69.26, 146092, 13114
1896, 0, 181, 928, 559, 227, 0.16%, 0, 0, 4, 97.18, 146634, 13114
1901, 0, 395, 928, 557, 225, 0.16%, 0, 0, 4, 146.34, 147140, 13114
1907, 0, 630, 928, 555, 223, 0.16%, 0, 0, 4, 107.83, 147653, 13114
1912, 0, 174, 929, 555, 222, 0.16%, 0, 0, 4, 98.56, 148168, 13114
1917, 0, 848, 929, 555, 223, 0.16%, 0, 0, 4, 126.01, 148528, 13114
1922, 0, 305, 929, 554, 222, 0.16%, 0, 0, 4, 117.21, 148902, 13114
1927, 0, 901, 929, 552, 220, 0.16%, 0, 0, 4, 114.03, 149459, 13114
1932, 0, 272, 929, 550, 218, 0.16%, 0, 0, 4, 84.75, 149910, 13114
1938, 0, 617, 929, 549, 217, 0.16%, 0, 0, 4, 5.65, 150128, 13114
1943, 0, 233, 929, 547, 215, 0.16%, 0, 0, 4, 113.60, 150672, 13114
1948, 0, 435, 930, 547, 214, 0.16%, 0, 0, 4, 40.24, 150946, 13115
1953, 0, 834, 930, 546, 213, 0.16%, 0, 0, 4, 73.39, 151390, 13115
1958, 0, 512, 931, 545, 212, 0.16%, 0, 0, 4, 131.71, 151799, 13124
1963, 0, 644, 931, 544, 211, 0.16%, 0, 0, 4, 100.58, 152277, 13124
1968, 0, 668, 932, 544, 211, 0.16%, 0, 0, 4, 2.86, 152631, 13129
1973, 0, 364, 933, 544, 210, 0.16%, 0, 0, 4, 116.36, 153135, 13132
1978, 0, 774, 934, 543, 209, 0.16%, 0, 0, 4, 109.52, 153518, 13132
1983, 0, 423, 934, 542, 208, 0.16%, 0, 0, 4, 120.07, 153973, 13132
1989, 0, 777, 934, 540, 206, 0.16%, 0, 0, 4, 140.94, 154477, 13132
1994, 0, 533, 934, 538, 204, 0.16%, 0, 0, 4, 118.22, 155016, 13132
1999, 0, 550, 934, 536, 202, 0.16%, 0, 0, 4, 107.80, 155571, 13132
2004, 0, 540, 934, 534, 200, 0.16%, 0, 0, 4, 100.02, 156074, 13132
2009, 0, 339, 934, 532, 198, 0.16%, 0, 0, 4, 107.67, 156622, 13132
2014, 0, 478, 934, 530, 196, 0.16%, 0, 0, 4, 115.76, 157009, 13132
2019, 0, 412, 934, 529, 195, 0.16%, 0, 0, 4, 99.67, 157497, 13132
2024, 0, 165, 934, 528, 194, 0.16%, 0, 0, 4, 17.85, 157750, 13132
2030, 0, 545, 934, 526, 192, 0.16%, 0, 0, 4, 80.62, 158215, 13132
2035, 0, 545, 934, 526, 192, 0.16%, 0, 0, 4, 107.30, 158803, 13132
2040, 0, 676, 934, 526, 192, 0.16%, 0, 0, 4, 109.69, 159249, 13132
2045, 0, 118, 934, 524, 190, 0.16%, 0, 0, 4, 108.40, 159828, 13132
2050, 0, 555, 934, 522, 188, 0.16%, 0, 0, 4, 86.79, 160248, 13132
2055, 0, 930, 934, 520, 186, 0.16%, 0, 0, 4, 133.70, 160761, 13132
2060, 0, 189, 934, 518, 184, 0.16%, 0, 0, 4, 123.02, 161344, 13132
2065, 0, 446, 934, 517, 183, 0.16%, 0, 0, 4, 72.02, 161790, 13132
2070, 0, 801, 934, 515, 181, 0.16%, 0, 0, 4, 73.66, 162144, 13132
2075, 0, 383, 934, 513, 179, 0.16%, 0, 0, 4, 86.70, 162596, 13132
2080, 0, 383, 934, 513, 179, 0.16%, 0, 0, 4, 10.82, 162658, 13132
2086, 0, 383, 934, 513, 179, 0.16%, 0, 0, 4, 7.62, 162728, 13132
2091, 0, 383, 934, 513, 179, 0.16%, 0, 0, 4, 15.09, 162813, 13132
2096, 0, 383, 934, 513, 179, 0.16%, 0, 0, 4, 5.52, 162911, 13132
2101, 0, 383, 934, 513, 179, 0.16%, 0, 0, 4, 4.94, 162933, 13132
2106, 0, 383, 934, 513, 179, 0.16%, 0, 0, 4, 30.86, 162987, 13132
2111, 0, 383, 934, 513, 179, 0.16%, 0, 0, 4, 38.54, 163169, 13132
2116, 0, 383, 934, 513, 179, 0.16%, 0, 0, 4, 27.53, 163304, 13132
2121, 0, 899, 934, 512, 178, 0.16%, 0, 0, 4, 68.16, 163678, 13132
2127, 0, 239, 935, 512, 177, 0.16%, 0, 0, 4, 91.26, 164157, 13133
2132, 0, 354, 936, 512, 177, 0.16%, 0, 0, 4, 105.00, 164514, 13133
2137, 0, 327, 936, 510, 175, 0.16%, 0, 0, 4, 106.26, 165075, 13133
2143, 0, 318, 936, 508, 173, 0.16%, 0, 0, 4, 11.19, 165389, 13133
2148, 0, 318, 936, 508, 173, 0.16%, 0, 0, 4, 91.99, 165889, 13133
2153, 0, 101, 936, 508, 173, 0.16%, 0, 0, 4, 102.36, 166405, 13133
2158, 0, 470, 936, 506, 171, 0.16%, 0, 0, 4, 73.23, 166806, 13133
2163, 0, 70, 937, 506, 170, 0.16%, 0, 0, 4, 91.23, 167228, 13133
2168, 0, 145, 937, 504, 168, 0.16%, 0, 0, 4, 128.53, 167666, 13133
2173, 0, 171, 937, 503, 167, 0.16%, 0, 0, 4, 108.35, 168153, 13133
2178, 0, 99, 937, 501, 165, 0.16%, 0, 0, 4, 100.69, 168618, 13133
2183, 0, 317, 937, 499, 163, 0.16%, 0, 0, 4, 95.37, 169099, 13133
2189, 0, 159, 938, 498, 161, 0.16%, 0, 0, 4, 101.53, 169577, 13134
2194, 0, 537, 938, 497, 160, 0.16%, 0, 0, 4, 77.24, 169988, 13134
2199, 0, 765, 938, 495, 158, 0.16%, 0, 0, 4, 16.95, 170478, 13134
2204, 0, 690, 938, 493, 156, 0.16%, 0, 0, 4, 18.12, 170878, 13134
2209, 0, 690, 938, 493, 156, 0.16%, 0, 0, 4, 49.49, 171185, 13134
2214, 0, 154, 938, 493, 156, 0.16%, 0, 0, 4, 78.18, 171631, 13134
2219, 0, 934, 939, 493, 155, 0.16%, 0, 0, 4, 117.92, 172012, 13134
2224, 0, 830, 939, 492, 154, 0.16%, 0, 0, 4, 64.36, 172365, 13134
2229, 0, 925, 940, 491, 152, 0.16%, 0, 0, 4, 99.71, 172883, 13134
2234, 0, 14, 940, 490, 151, 0.16%, 0, 0, 4, 35.19, 173155, 13134
2240, 0, 694, 940, 489, 150, 0.16%, 0, 0, 4, 66.41, 173554, 13134
2245, 0, 412, 940, 487, 148, 0.16%, 0, 0, 4, 100.47, 174100, 13134
2250, 0, 489, 940, 487, 148, 0.16%, 0, 0, 4, 70.85, 174533, 13134
2255, 0, 245, 940, 485, 146, 0.16%, 0, 0, 4, 85.10, 175006, 13134
2260, 0, 603, 940, 484, 145, 0.16%, 0, 0, 4, 98.09, 175504, 13134
2265, 0, 163, 940, 482, 143, 0.16%, 0, 0, 4, 100.78, 176020, 13134
2270, 0, 163, 941, 483, 143, 0.16%, 0, 0, 4, 45.28, 176221, 13140
2276, 0, 918, 941, 483, 144, 0.16%, 0, 0, 4, 4.52, 176367, 13140
2281, 0, 156, 941, 482, 143, 0.16%, 0, 0, 4, 23.09, 176766, 13140
2286, 0, 156, 941, 482, 143, 0.16%, 0, 0, 4, 35.82, 176952, 13140
2291, 0, 847, 941, 480, 141, 0.16%, 0, 0, 4, 128.08, 177265, 13140
2296, 0, 499, 941, 479, 140, 0.16%, 0, 0, 4, 120.49, 177610, 13140
2301, 0, 36, 941, 478, 139, 0.16%, 0, 0, 4, 19.36, 177925, 13140
2306, 0, 444, 941, 477, 138, 0.16%, 0, 0, 4, 103.68, 178373, 13140
2311, 0, 932, 941, 476, 137, 0.16%, 0, 0, 4, 97.70, 178828, 13140
2316, 0, 636, 941, 475, 136, 0.16%, 0, 0, 4, 105.93, 179183, 13140
2321, 0, 396, 941, 473, 134, 0.16%, 0, 0, 4, 124.69, 179727, 13140
2327, 0, 227, 941, 472, 133, 0.16%, 0, 0, 4, 7.83, 180040, 13140
2332, 0, 919, 941, 471, 132, 0.16%, 0, 0, 4, 78.54, 180370, 13140
2337, 0, 254, 941, 469, 130, 0.16%, 0, 0, 4, 120.57, 181007, 13140
2342, 0, 627, 941, 468, 129, 0.16%, 0, 0, 4, 102.80, 181497, 13140
2347, 0, 410, 941, 468, 129, 0.16%, 0, 0, 4, 84.93, 181886, 13140
2352, 0, 640, 941, 467, 128, 0.16%, 0, 0, 4, 114.49, 182322, 13140
2357, 0, 412, 941, 465, 126, 0.16%, 0, 0, 4, 125.24, 182819, 13140
2362, 0, 701, 941, 464, 125, 0.16%, 0, 0, 4, 99.19, 183239, 13140
2368, 0, 278, 941, 462, 123, 0.16%, 0, 0, 4, 134.65, 183703, 13140
2373, 0, 425, 941, 461, 122, 0.16%, 0, 0, 4, 103.01, 184153, 13140
2378, 0, 180, 941, 459, 120, 0.16%, 0, 0, 4, 0.77, 184522, 13140
2383, 0, 906, 942, 459, 119, 0.16%, 0, 0, 4, 101.50, 185001, 13140
2388, 0, 328, 942, 457, 117, 0.16%, 0, 0, 4, 99.16, 185501, 13140
2393, 0, 528, 942, 455, 115, 0.16%, 0, 0, 4, 100.44, 186023, 13140
2400, 0, 76, 942, 453, 113, 0.16%, 0, 0, 4, 8.81, 186498, 13140
2405, 0, 76, 944, 455, 113, 0.16%, 0, 0, 4, 132.93, 186914, 13142
2410, 0, 237, 944, 454, 113, 0.16%, 0, 0, 4, 19.29, 187179, 13142
2415, 0, 128, 944, 453, 112, 0.16%, 0, 0, 4, 59.55, 187504, 13142
2420, 0, 65, 946, 454, 111, 0.16%, 0, 0, 4, 99.08, 187974, 13142
2425, 0, 693, 946, 452, 109, 0.16%, 0, 0, 4, 101.55, 188501, 13142
2430, 0, 449, 946, 450, 107, 0.16%, 0, 0, 4, 100.47, 189018, 13142
2435, 0, 870, 947, 450, 106, 0.16%, 0, 0, 4, 91.61, 189453, 13143
2441, 0, 859, 947, 448, 104, 0.16%, 0, 0, 4, 111.05, 189834, 13143
2446, 0, 224, 947, 447, 103, 0.16%, 0, 0, 4, 17.05, 190150, 13143
2451, 0, 98, 947, 446, 102, 0.16%, 0, 0, 4, 28.56, 190382, 13143
2456, 0, 460, 947, 445, 101, 0.16%, 0, 0, 4, 81.42, 190867, 13143
2461, 0, 436, 947, 443, 99, 0.16%, 0, 0, 4, 11.41, 191190, 13143
2466, 0, 783, 953, 917, 583, 0.15%, 0, 0, 2, 39.07, 191073, 12520
2471, 0, 783, 954, 918, 583, 0.15%, 0, 0, 2, 51.59, 191342, 12522
2476, 0, 783, 954, 918, 583, 0.15%, 0, 0, 2, 55.36, 191525, 12522
2482, 0, 678, 955, 918, 584, 0.15%, 0, 0, 2, 2.27, 191681, 12523
2487, 0, 678, 955, 918, 584, 0.15%, 0, 0, 2, 108.33, 192221, 12523
2492, 0, 653, 956, 918, 583, 0.15%, 0, 0, 2, 89.25, 192589, 12523
2497, 0, 568, 956, 917, 582, 0.15%, 0, 0, 2, 21.13, 192895, 12523
2502, 0, 568, 957, 918, 582, 0.15%, 0, 0, 2, 78.19, 193362, 12533
2507, 0, 376, 957, 917, 582, 0.15%, 0, 0, 2, 85.05, 193698, 12533
2512, 0, 545, 958, 917, 581, 0.15%, 0, 0, 2, 132.41, 194055, 12533
2517, 0, 545, 958, 917, 581, 0.15%, 0, 0, 2, 99.35, 194475, 12533
2522, 0, 452, 958, 916, 580, 0.15%, 0, 0, 2, 107.93, 195022, 12533
2528, 0, 654, 958, 915, 579, 0.15%, 0, 0, 2, 107.83, 195489, 12533
2533, 0, 567, 958, 914, 578, 0.15%, 0, 0, 2, 29.16, 195839, 12533
2538, 0, 19, 958, 913, 577, 0.15%, 0, 0, 2, 84.68, 196314, 12533
2543, 0, 19, 959, 914, 577, 0.15%, 0, 0, 2, 101.87, 196825, 12535
2548, 0, 262, 959, 913, 575, 0.15%, 0, 0, 2, 115.01, 197231, 12535
2553, 0, 351, 959, 912, 574, 0.15%, 0, 0, 2, 104.90, 197695, 12535
2558, 0, 351, 959, 912, 574, 0.15%, 0, 0, 2, 93.57, 198130, 12535
2563, 0, 188, 959, 910, 572, 0.15%, 0, 0, 2, 121.33, 198763, 12535
2568, 0, 874, 959, 909, 571, 0.15%, 0, 0, 2, 130.07, 199252, 12535
2573, 0, 874, 960, 910, 571, 0.15%, 0, 0, 2, 123.67, 199708, 12540
2579, 0, 84, 962, 911, 571, 0.15%, 0, 0, 2, 88.22, 199973, 12542
2584, 0, 84, 965, 914, 571, 0.15%, 0, 0, 2, 64.55, 200185, 12548
2589, 0, 84, 966, 915, 571, 0.15%, 0, 0, 2, 55.10, 200406, 12551
2594, 0, 84, 966, 915, 571, 0.15%, 0, 0, 2, 54.72, 200694, 12551
2599, 0, 84, 966, 915, 571, 0.15%, 0, 0, 2, 51.43, 200961, 12551
2605, 0, 84, 966, 915, 571, 0.15%, 0, 0, 2, 55.79, 201236, 12551
2610, 0, 84, 967, 916, 571, 0.15%, 0, 0, 2, 49.37, 201461, 12551
2615, 0, 84, 969, 918, 571, 0.15%, 0, 0, 2, 50.78, 201680, 12553
2620, 0, 84, 970, 919, 571, 0.15%, 0, 0, 2, 50.98, 201921, 12554
2625, 0, 84, 970, 919, 571, 0.15%, 0, 0, 2, 58.77, 202235, 12554
2631, 0, 84, 971, 920, 571, 0.15%, 0, 0, 2, 55.46, 202518, 12555
2636, 0, 84, 971, 920, 571, 0.15%, 0, 0, 2, 52.04, 202787, 12555
2641, 0, 84, 973, 922, 571, 0.15%, 0, 0, 2, 54.75, 203048, 12557
2646, 0, 84, 973, 922, 571, 0.15%, 0, 0, 2, 62.43, 203361, 12557
2651, 0, 84, 973, 922, 571, 0.15%, 0, 0, 2, 66.75, 203689, 12557
2656, 0, 84, 973, 922, 571, 0.15%, 0, 0, 2, 70.99, 204037, 12557
2661, 0, 84, 973, 922, 571, 0.15%, 0, 0, 2, 64.48, 204358, 12557
2666, 0, 84, 973, 922, 571, 0.15%, 0, 0, 2, 67.58, 204703, 12557
2672, 0, 84, 974, 923, 571, 0.15%, 0, 0, 2, 68.08, 205010, 12559
2677, 0, 84, 974, 923, 571, 0.15%, 0, 0, 2, 64.07, 205333, 12559
2682, 0, 84, 974, 923, 571, 0.15%, 0, 0, 2, 61.67, 205635, 12559
2687, 0, 84, 974, 923, 571, 0.15%, 0, 0, 2, 59.27, 205942, 12559
2692, 0, 84, 974, 923, 571, 0.15%, 0, 0, 2, 55.43, 206231, 12559
2697, 0, 84, 974, 923, 571, 0.15%, 0, 0, 2, 58.63, 206532, 12559
2702, 0, 84, 975, 924, 571, 0.15%, 0, 0, 2, 65.48, 206833, 12570
2708, 0, 84, 975, 924, 571, 0.15%, 0, 0, 2, 65.57, 207170, 12570
2713, 0, 84, 976, 925, 571, 0.15%, 0, 0, 2, 57.27, 207423, 12570
2718, 0, 84, 976, 925, 571, 0.15%, 0, 0, 2, 87.84, 207758, 12570
2723, 0, 84, 977, 926, 571, 0.15%, 0, 0, 2, 70.48, 208086, 12571
2729, 0, 84, 978, 927, 571, 0.15%, 0, 0, 2, 61.95, 208400, 12572
2734, 0, 84, 978, 927, 571, 0.15%, 0, 0, 2, 59.49, 208692, 12572
2739, 0, 84, 978, 927, 571, 0.15%, 0, 0, 2, 70.91, 209044, 12572
2744, 0, 84, 979, 928, 571, 0.15%, 0, 0, 2, 64.32, 209330, 12572
2749, 0, 84, 979, 928, 571, 0.15%, 0, 0, 2, 67.56, 209656, 12572
2754, 0, 84, 979, 928, 571, 0.15%, 0, 0, 2, 61.11, 209948, 12572
2759, 0, 84, 979, 928, 571, 0.15%, 0, 0, 2, 59.06, 210259, 12572
2764, 0, 84, 979, 928, 571, 0.15%, 0, 0, 2, 66.70, 210605, 12572
2769, 0, 84, 979, 928, 571, 0.15%, 0, 0, 2, 64.42, 210948, 12572
2775, 0, 84, 979, 928, 571, 0.15%, 0, 0, 2, 75.29, 211263, 12572
2780, 0, 84, 980, 929, 571, 0.15%, 0, 0, 2, 68.05, 211541, 12572
2785, 0, 84, 980, 929, 571, 0.15%, 0, 0, 2, 56.10, 211807, 12572
2790, 0, 84, 980, 929, 571, 0.15%, 0, 0, 2, 66.95, 212165, 12572
2795, 0, 84, 981, 930, 571, 0.15%, 0, 0, 2, 66.02, 212456, 12572
2800, 0, 84, 982, 931, 571, 0.15%, 0, 0, 2, 59.88, 212711, 12572
2806, 0, 84, 982, 931, 571, 0.15%, 0, 0, 2, 62.02, 213049, 12572
2811, 0, 84, 982, 931, 571, 0.15%, 0, 0, 2, 61.31, 213372, 12572
2816, 0, 84, 982, 931, 571, 0.15%, 0, 0, 2, 60.66, 213682, 12572
2821, 0, 84, 982, 931, 571, 0.15%, 0, 0, 2, 56.77, 213974, 12572
2826, 0, 84, 983, 932, 571, 0.15%, 0, 0, 2, 52.78, 214222, 12596
2831, 0, 84, 984, 933, 571, 0.15%, 0, 0, 2, 58.10, 214498, 12597
2836, 0, 84, 985, 934, 571, 0.15%, 0, 0, 2, 58.19, 214781, 12599
2841, 0, 84, 985, 934, 571, 0.15%, 0, 0, 2, 59.67, 215073, 12599
2846, 0, 84, 985, 934, 571, 0.15%, 0, 0, 2, 66.23, 215390, 12599
2852, 0, 84, 985, 934, 571, 0.15%, 0, 0, 2, 77.72, 215699, 12599
2857, 0, 84, 985, 934, 571, 0.15%, 0, 0, 2, 62.11, 215991, 12599
2862, 0, 84, 986, 935, 571, 0.15%, 0, 0, 2, 56.29, 216270, 12601
2867, 0, 84, 986, 935, 571, 0.15%, 0, 0, 2, 59.23, 216576, 12601
2872, 0, 366, 986, 934, 573, 0.15%, 0, 0, 2, 5.91, 216847, 12601
2878, 0, 366, 986, 934, 573, 0.15%, 0, 0, 2, 109.07, 217347, 12601
2883, 0, 342, 986, 933, 572, 0.15%, 0, 0, 2, 90.83, 217772, 12601
2888, 0, 339, 986, 932, 571, 0.15%, 0, 0, 2, 84.54, 218198, 12601
2893, 0, 719, 986, 931, 570, 0.15%, 0, 0, 2, 94.09, 218710, 12601
2898, 0, 113, 987, 931, 569, 0.15%, 0, 0, 2, 105.22, 219231, 12601
2903, 0, 911, 987, 930, 567, 0.15%, 0, 0, 2, 52.75, 219484, 12601
2908, 0, 660, 987, 929, 566, 0.15%, 0, 0, 2, 66.49, 219833, 12601
2913, 0, 597, 988, 929, 566, 0.15%, 0, 0, 2, 11.08, 220138, 12611
2918, 0, 597, 988, 929, 566, 0.15%, 0, 0, 2, 80.05, 220565, 12611
2924, 0, 425, 988, 928, 565, 0.15%, 0, 0, 2, 10.49, 221012, 12611
2929, 0, 154, 988, 927, 564, 0.15%, 0, 0, 2, 69.04, 221375, 12611
2934, 0, 154, 988, 927, 564, 0.15%, 0, 0, 2, 86.19, 221809, 12611
2939, 0, 463, 989, 927, 563, 0.15%, 0, 0, 2, 85.82, 222216, 12630
2944, 0, 303, 989, 926, 562, 0.15%, 0, 0, 2, 91.13, 222647, 12630
2949, 0, 415, 989, 925, 561, 0.15%, 0, 0, 2, 107.71, 223191, 12630
2954, 0, 183, 989, 924, 560, 0.15%, 0, 0, 2, 111.66, 223772, 12630
2959, 0, 311, 989, 923, 559, 0.15%, 0, 0, 2, 105.46, 224233, 12630
2964, 0, 726, 989, 922, 558, 0.15%, 0, 0, 2, 116.20, 224581, 12630
2970, 0, 844, 989, 921, 557, 0.15%, 0, 0, 2, 107.85, 225116, 12630
2975, 0, 423, 990, 921, 557, 0.15%, 0, 0, 2, 6.01, 225485, 12632
2980, 0, 423, 990, 921, 557, 0.15%, 0, 0, 2, 113.56, 226032, 12632
2985, 0, 439, 990, 920, 556, 0.15%, 0, 0, 2, 100.72, 226501, 12632
2990, 0, 184, 991, 920, 555, 0.15%, 0, 0, 2, 124.99, 226924, 12632
2995, 0, 101, 993, 921, 554, 0.15%, 0, 0, 2, 104.68, 227420, 12632
3001, 0, 101, 994, 922, 554, 0.15%, 0, 0, 2, 102.71, 227996, 12635
3007, 0, 555, 994, 921, 554, 0.15%, 0, 0, 2, 14.63, 228376, 12635
3012, 0, 555, 994, 921, 554, 0.15%, 0, 0, 2, 135.31, 228802, 12635
3017, 0, 29, 994, 920, 553, 0.15%, 0, 0, 2, 112.50, 229356, 12635
3023, 0, 249, 995, 920, 552, 0.15%, 0, 0, 2, 125.64, 229860, 12635
3028, 0, 249, 995, 920, 552, 0.15%, 0, 0, 2, 102.69, 230286, 12635
3033, 0, 564, 995, 919, 551, 0.15%, 0, 0, 2, 20.10, 230398, 12635
3038, 0, 564, 995, 919, 551, 0.15%, 0, 0, 2, 13.16, 230460, 12635
3043, 0, 564, 995, 919, 551, 0.15%, 0, 0, 2, 8.18, 230536, 12635
3049, 0, 564, 995, 919, 551, 0.15%, 0, 0, 2, 13.95, 230686, 12635
3054, 0, 564, 995, 919, 551, 0.15%, 0, 0, 2, 13.07, 230844, 12635
3059, 0, 208, 995, 918, 550, 0.15%, 0, 0, 2, 115.40, 231124, 12635
3064, 0, 506, 995, 917, 549, 0.15%, 0, 0, 2, 78.60, 231550, 12635
3070, 0, 399, 995, 916, 548, 0.15%, 0, 0, 2, 100.93, 232041, 12635
3075, 0, 399, 995, 916, 548, 0.15%, 0, 0, 2, 80.68, 232419, 12635
3080, 0, 220, 996, 916, 547, 0.15%, 0, 0, 2, 87.13, 232813, 12637
3086, 0, 276, 996, 915, 547, 0.15%, 0, 0, 2, 8.77, 233388, 12637
3091, 0, 276, 997, 916, 547, 0.15%, 0, 0, 2, 98.75, 233842, 12637
3096, 0, 507, 997, 915, 546, 0.15%, 0, 0, 2, 131.32, 234259, 12637
3101, 0, 519, 997, 914, 545, 0.15%, 0, 0, 2, 103.40, 234769, 12637
3107, 0, 864, 998, 914, 544, 0.15%, 0, 0, 2, 79.85, 235251, 12637
3112, 0, 864, 1000, 916, 544, 0.15%, 0, 0, 2, 115.07, 235715, 12644
3117, 0, 864, 1000, 916, 544, 0.15%, 0, 0, 2, 102.21, 236227, 12644
3122, 0, 864, 1000, 916, 544, 0.15%, 0, 0, 2, 127.62, 236665, 12644
3127, 0, 723, 1000, 915, 545, 0.15%, 0, 0, 2, 42.74, 237001, 12644
3132, 0, 723, 1001, 916, 545, 0.15%, 0, 0, 2, 53.11, 237298, 12646
3138, 0, 723, 1001, 916, 545, 0.15%, 0, 0, 2, 50.34, 237543, 12646
3144, 0, 204, 1001, 915, 545, 0.15%, 0, 0, 2, 4.10, 237769, 12646
3149, 0, 204, 1001, 915, 545, 0.15%, 0, 0, 2, 110.46, 238264, 12646
3154, 0, 211, 1001, 914, 544, 0.15%, 0, 0, 2, 110.23, 238687, 12646
3159, 0, 21, 1002, 914, 543, 0.15%, 0, 0, 2, 101.51, 239187, 12646
3164, 0, 869, 1002, 913, 542, 0.15%, 0, 0, 2, 105.35, 239716, 12646
3169, 0, 869, 1002, 913, 542, 0.15%, 0, 0, 2, 40.54, 240002, 12646
3174, 0, 869, 1003, 914, 542, 0.15%, 0, 0, 2, 28.35, 240087, 12646
3179, 0, 485, 1003, 913, 541, 0.15%, 0, 0, 2, 59.85, 240398, 12646
3185, 0, 485, 1003, 913, 541, 0.15%, 0, 0, 2, 86.48, 240872, 12646
3190, 0, 789, 1003, 912, 540, 0.15%, 0, 0, 2, 60.85, 241113, 12646
3195, 0, 789, 1003, 912, 540, 0.15%, 0, 0, 2, 17.31, 241321, 12646
3200, 0, 824, 1003, 911, 539, 0.15%, 0, 0, 2, 64.25, 241597, 12646
3205, 0, 987, 1003, 910, 538, 0.15%, 0, 0, 2, 96.53, 242160, 12646
3210, 0, 987, 1004, 911, 538, 0.15%, 0, 0, 3, 135.00, 242564, 12648
3215, 0, 725, 1004, 910, 538, 0.15%, 0, 0, 3, 112.58, 242920, 12648
3220, 0, 779, 1006, 911, 537, 0.15%, 0, 0, 3, 75.67, 243370, 12649
3226, 0, 779, 1011, 916, 537, 0.15%, 0, 0, 3, 104.72, 243865, 12656
3231, 0, 779, 1014, 919, 537, 0.15%, 0, 0, 3, 103.08, 244364, 12660
3236, 0, 779, 1015, 920, 537, 0.15%, 0, 0, 3, 114.61, 244928, 12660
3241, 0, 779, 1017, 922, 537, 0.15%, 0, 0, 3, 118.89, 245490, 12663
3246, 0, 779, 1018, 923, 537, 0.15%, 0, 0, 3, 122.34, 246074, 12664
3251, 0, 779, 1018, 923, 537, 0.15%, 0, 0, 3, 112.90, 246648, 12664
3256, 0, 779, 1018, 923, 537, 0.15%, 0, 0, 3, 121.73, 247268, 12664
3261, 0, 779, 1018, 923, 537, 0.15%, 0, 0, 3, 122.99, 247876, 12664
3266, 0, 779, 1019, 924, 537, 0.15%, 0, 0, 3, 118.30, 248428, 12669
3271, 0, 779, 1022, 927, 537, 0.15%, 0, 0, 3, 123.30, 248996, 12675
3277, 0, 779, 1022, 927, 537, 0.15%, 0, 0, 3, 127.19, 249628, 12675
3282, 0, 779, 1022, 927, 537, 0.15%, 0, 0, 3, 125.04, 250244, 12675
3287, 0, 779, 1022, 927, 537, 0.15%, 0, 0, 3, 125.19, 250874, 12675
3292, 0, 779, 1025, 930, 537, 0.15%, 0, 0, 3, 101.28, 251278, 12694
3297, 0, 779, 1025, 930, 537, 0.15%, 0, 0, 3, 112.19, 251870, 12694
3302, 0, 779, 1026, 931, 537, 0.15%, 0, 0, 3, 126.67, 252484, 12694
3307, 0, 779, 1026, 931, 537, 0.15%, 0, 0, 3, 133.08, 253142, 12694
3312, 0, 779, 1026, 931, 537, 0.15%, 0, 0, 3, 129.54, 253816, 12694
3317, 0, 779, 1026, 931, 537, 0.15%, 0, 0, 3, 119.37, 254416, 12694
3322, 0, 779, 1026, 931, 537, 0.15%, 0, 0, 3, 107.08, 254946, 12694
3327, 0, 779, 1026, 931, 537, 0.15%, 0, 0, 3, 111.81, 255498, 12694
3334, 0, 735, 1026, 930, 535, 0.15%, 0, 0, 3, 43.16, 255970, 12694
3339, 0, 735, 1028, 932, 535, 0.15%, 0, 0, 3, 85.30, 256442, 12694
3344, 0, 735, 1029, 933, 535, 0.15%, 0, 0, 3, 112.40, 256999, 12694
3349, 0, 735, 1029, 933, 535, 0.15%, 0, 0, 3, 94.77, 257416, 12694
3354, 0, 735, 1029, 933, 535, 0.15%, 0, 0, 3, 93.68, 257909, 12694
3359, 0, 274, 1029, 932, 535, 0.15%, 0, 0, 3, 103.74, 258263, 12694
3365, 0, 372, 1029, 931, 534, 0.15%, 0, 0, 3, 69.76, 258724, 12694
3370, 0, 372, 1032, 934, 534, 0.15%, 0, 0, 3, 96.12, 259204, 12698
3375, 0, 986, 1034, 935, 533, 0.15%, 0, 0, 3, 100.74, 259674, 12702
3380, 0, 986, 1034, 935, 533, 0.15%, 0, 0, 3, 100.51, 260176, 12702
3385, 0, 526, 1034, 934, 530, 0.15%, 0, 0, 3, 116.65, 260609, 12702
3390, 0, 345, 1034, 933, 529, 0.15%, 0, 0, 3, 120.45, 261192, 12702
3395, 0, 143, 1034, 932, 528, 0.15%, 0, 0, 3, 90.80, 261623, 12702
3401, 0, 143, 1034, 932, 528, 0.15%, 0, 0, 3, 94.56, 262078, 12702
3406, 0, 140, 1034, 931, 527, 0.15%, 0, 0, 3, 134.49, 262504, 12702
3411, 0, 647, 1034, 930, 526, 0.15%, 0, 0, 3, 95.09, 262943, 12702
3416, 0, 657, 1034, 929, 525, 0.15%, 0, 0, 3, 94.15, 263398, 12702
3421, 0, 631, 1034, 928, 524, 0.15%, 0, 0, 3, 109.05, 263964, 12702
3426, 0, 631, 1034, 928, 524, 0.15%, 0, 0, 3, 87.16, 264356, 12702
3431, 0, 241, 1035, 928, 521, 0.15%, 0, 0, 3, 20.69, 264710, 12703
3436, 0, 223, 1035, 927, 520, 0.15%, 0, 0, 3, 144.28, 265119, 12703
3442, 0, 223, 1037, 929, 520, 0.15%, 0, 0, 3, 13.13, 265496, 12707
3447, 0, 392, 1038, 929, 519, 0.15%, 0, 0, 3, 93.44, 265964, 12708
3452, 0, 392, 1039, 930, 519, 0.15%, 0, 0, 3, 107.41, 266386, 12709
3457, 0, 294, 1039, 929, 519, 0.15%, 0, 0, 3, 104.87, 266782, 12709
3462, 0, 676, 1040, 929, 518, 0.15%, 0, 0, 3, 125.82, 267282, 12709
3467, 0, 676, 1040, 929, 518, 0.15%, 0, 0, 3, 107.95, 267808, 12709
3472, 0, 500, 1040, 928, 518, 0.15%, 0, 0, 3, 139.09, 268149, 12709
3478, 0, 967, 1040, 927, 517, 0.15%, 0, 0, 3, 91.57, 268588, 12709
3483, 0, 257, 1040, 926, 516, 0.15%, 0, 0, 3, 88.01, 269022, 12709
3488, 0, 708, 1041, 926, 515, 0.15%, 0, 0, 3, 81.93, 269406, 12710
3494, 0, 655, 1042, 926, 515, 0.15%, 0, 0, 3, 1.55, 269767, 12712
3499, 0, 655, 1044, 928, 515, 0.15%, 0, 0, 3, 98.56, 270275, 12732
3504, 0, 655, 1044, 928, 515, 0.15%, 0, 0, 3, 105.82, 270813, 12732
3509, 0, 197, 1044, 927, 516, 0.15%, 0, 0, 3, 33.88, 271063, 12732
3514, 0, 197, 1045, 928, 516, 0.15%, 0, 0, 3, 8.48, 271294, 12733
3520, 0, 997, 1045, 927, 516, 0.15%, 0, 0, 3, 3.03, 271526, 12733
3526, 0, 997, 1047, 929, 516, 0.15%, 0, 0, 3, 28.06, 271955, 12733
3531, 0, 997, 1049, 931, 516, 0.15%, 0, 0, 3, 106.42, 272383, 12733
3536, 0, 997, 1049, 931, 516, 0.15%, 0, 0, 3, 88.10, 272809, 12733
3541, 0, 997, 1049, 931, 516, 0.15%, 0, 0, 3, 94.93, 273299, 12733
3546, 0, 997, 1050, 932, 516, 0.15%, 0, 0, 3, 91.65, 273744, 12733
3551, 0, 997, 1051, 933, 516, 0.15%, 0, 0, 3, 103.04, 274240, 12739
3556, 0, 997, 1051, 933, 516, 0.15%, 0, 0, 3, 92.24, 274718, 12739
3561, 0, 997, 1051, 933, 516, 0.15%, 0, 0, 3, 107.04, 275272, 12739
3566, 0, 997, 1052, 934, 516, 0.15%, 0, 0, 3, 103.86, 275777, 12739
3572, 0, 997, 1052, 934, 516, 0.15%, 0, 0, 3, 98.67, 276250, 12739
3577, 0, 997, 1052, 934, 516, 0.15%, 0, 0, 3, 92.86, 276688, 12739
3582, 0, 997, 1054, 936, 516, 0.15%, 0, 0, 3, 93.00, 277134, 12745
3587, 0, 997, 1054, 936, 516, 0.15%, 0, 0, 3, 92.99, 277598, 12745
3592, 0, 997, 1054, 936, 516, 0.15%, 0, 0, 3, 122.15, 278024, 12745
3597, 0, 997, 1054, 936, 516, 0.15%, 0, 0, 3, 81.14, 278490, 12745
3602, 0, 997, 1054, 936, 516, 0.15%, 0, 0, 3, 103.10, 279003, 12745
3608, 0, 997, 1054, 936, 516, 0.15%, 0, 0, 3, 18.53, 279367, 12745
3613, 0, 997, 1054, 936, 516, 0.15%, 0, 0, 3, 115.20, 279837, 12745
3618, 0, 997, 1054, 936, 516, 0.15%, 0, 0, 3, 89.76, 280273, 12745
3623, 0, 997, 1054, 936, 516, 0.15%, 0, 0, 3, 92.73, 280764, 12745
3628, 0, 997, 1054, 936, 516, 0.15%, 0, 0, 3, 31.07, 281290, 12745
3633, 0, 997, 1054, 936, 516, 0.15%, 0, 0, 3, 69.99, 281711, 12745
3638, 0, 997, 1054, 936, 516, 0.15%, 0, 0, 3, 97.14, 282239, 12745
3643, 0, 997, 1054, 936, 516, 0.15%, 0, 0, 3, 101.36, 282731, 12745
3648, 0, 997, 1055, 937, 516, 0.15%, 0, 0, 3, 109.79, 283249, 12745
3653, 0, 997, 1055, 937, 516, 0.15%, 0, 0, 3, 107.93, 283773, 12745
3659, 0, 1008, 1055, 936, 517, 0.15%, 0, 0, 3, 4.37, 284291, 12745
3665, 0, 1008, 1056, 937, 517, 0.15%, 0, 0, 3, 112.46, 284838, 12745
3670, 0, 583, 1057, 937, 516, 0.15%, 0, 0, 3, 67.98, 285137, 12745
3675, 0, 583, 1058, 938, 516, 0.15%, 0, 0, 3, 101.52, 285687, 12745
3680, 0, 716, 1058, 937, 515, 0.15%, 0, 0, 3, 44.33, 285918, 12745
3685, 0, 716, 1058, 937, 515, 0.15%, 0, 0, 3, 26.97, 286046, 12745
3690, 0, 716, 1060, 939, 515, 0.15%, 0, 0, 3, 56.57, 286318, 12746
3695, 0, 781, 1061, 939, 515, 0.15%, 0, 0, 3, 35.30, 286443, 12747
3700, 0, 781, 1062, 940, 515, 0.15%, 0, 0, 3, 10.14, 286721, 12747
3705, 0, 781, 1063, 941, 515, 0.15%, 0, 0, 3, 57.17, 286952, 12748
3711, 0, 534, 1063, 940, 515, 0.15%, 0, 0, 3, 118.33, 287154, 12748
3716, 0, 534, 1063, 940, 515, 0.15%, 0, 0, 3, 100.02, 287646, 12748
3721, 0, 734, 1064, 940, 514, 0.15%, 0, 0, 3, 105.16, 288179, 12750
3726, 0, 162, 1064, 939, 514, 0.15%, 0, 0, 3, 74.85, 288566, 12750
3731, 0, 329, 1064, 938, 513, 0.15%, 0, 0, 3, 93.67, 289037, 12750
3736, 0, 176, 1064, 937, 512, 0.15%, 0, 0, 3, 103.25, 289576, 12750
3741, 0, 176, 1064, 937, 512, 0.15%, 0, 0, 3, 88.48, 290006, 12750
3746, 0, 1063, 1064, 936, 511, 0.15%, 0, 0, 3, 121.57, 290450, 12750
3752, 0, 591, 1064, 935, 510, 0.15%, 0, 0, 3, 106.71, 290969, 12750
3757, 0, 171, 1064, 934, 509, 0.15%, 0, 0, 3, 83.33, 291312, 12750
3762, 0, 171, 1064, 934, 509, 0.15%, 0, 0, 3, 77.78, 291628, 12750
3767, 0, 25, 1064, 933, 508, 0.15%, 0, 0, 3, 125.94, 292166, 12750
3772, 0, 810, 1065, 933, 507, 0.15%, 0, 0, 3, 91.70, 292548, 12751
3778, 0, 810, 1068, 936, 507, 0.15%, 0, 0, 3, 104.12, 293072, 12756
3783, 0, 810, 1070, 938, 507, 0.15%, 0, 0, 3, 102.07, 293553, 12756
3788, 0, 810, 1072, 940, 507, 0.15%, 0, 0, 3, 116.94, 294142, 12760
3793, 0, 810, 1073, 941, 507, 0.15%, 0, 0, 3, 113.64, 294652, 12760
3798, 0, 810, 1073, 941, 507, 0.15%, 0, 0, 3, 110.83, 295198, 12760
3803, 0, 810, 1073, 941, 507, 0.15%, 0, 0, 3, 110.29, 295754, 12760
3809, 0, 810, 1073, 941, 507, 0.15%, 0, 0, 3, 112.86, 296312, 12760
3814, 0, 810, 1075, 943, 507, 0.15%, 0, 0, 3, 107.61, 296802, 12760
3819, 0, 810, 1076, 944, 507, 0.15%, 0, 0, 3, 101.75, 297282, 12760
3824, 0, 810, 1076, 944, 507, 0.15%, 0, 0, 3, 107.92, 297850, 12760
3829, 0, 810, 1076, 944, 507, 0.15%, 0, 0, 3, 105.75, 298392, 12760
3834, 0, 810, 1076, 944, 507, 0.15%, 0, 0, 3, 108.26, 298952, 12760
3839, 0, 810, 1076, 944, 507, 0.15%, 0, 0, 3, 108.52, 299506, 12760
3845, 0, 810, 1077, 945, 507, 0.15%, 0, 0, 3, 109.22, 300056, 12761
3850, 0, 810, 1078, 946, 507, 0.15%, 0, 0, 3, 104.40, 300565, 12761
3855, 0, 810, 1079, 947, 507, 0.15%, 0, 0, 3, 98.54, 301007, 12762
3860, 0, 810, 1079, 947, 507, 0.15%, 0, 0, 3, 101.87, 301511, 12762
3865, 0, 810, 1079, 947, 507, 0.15%, 0, 0, 3, 98.21, 302021, 12762
3870, 0, 810, 1079, 947, 507, 0.15%, 0, 0, 3, 98.69, 302505, 12762
3875, 0, 810, 1079, 947, 507, 0.15%, 0, 0, 3, 101.87, 303003, 12762
3880, 0, 810, 1079, 947, 507, 0.15%, 0, 0, 3, 93.17, 303478, 12762
3885, 0, 810, 1080, 948, 507, 0.15%, 0, 0, 3, 93.34, 303950, 12762
3890, 0, 810, 1080, 948, 507, 0.15%, 0, 0, 3, 87.92, 304390, 12762
3895, 0, 810, 1080, 948, 507, 0.15%, 0, 0, 3, 84.66, 304831, 12762
3900, 0, 452, 1080, 947, 509, 0.15%, 0, 0, 3, 13.50, 305158, 12762
3906, 0, 452, 1080, 947, 509, 0.15%, 0, 0, 3, 127.74, 305676, 12762
3911, 0, 452, 1080, 947, 509, 0.15%, 0, 0, 3, 138.27, 306149, 12762
3916, 0, 452, 1080, 947, 509, 0.15%, 0, 0, 3, 113.63, 306683, 12762
3921, 0, 452, 1080, 947, 509, 0.15%, 0, 0, 3, 136.60, 307079, 12762
3926, 0, 452, 1080, 947, 509, 0.15%, 0, 0, 3, 122.71, 307579, 12762
3931, 0, 538, 1080, 947, 509, 0.15%, 0, 0, 3, 116.50, 308129, 12762
3936, 0, 830, 1082, 948, 508, 0.15%, 0, 0, 3, 113.81, 308665, 12762
3941, 0, 830, 1084, 950, 508, 0.15%, 0, 0, 3, 108.78, 309193, 12762
3947, 0, 830, 1086, 952, 508, 0.15%, 0, 0, 3, 14.47, 309733, 12762
3952, 0, 830, 1086, 952, 508, 0.15%, 0, 0, 3, 117.92, 310315, 12762
3957, 0, 830, 1087, 953, 508, 0.15%, 0, 0, 3, 87.31, 310777, 12763
3962, 0, 830, 1088, 954, 508, 0.15%, 0, 0, 3, 123.76, 311221, 12763
3967, 0, 830, 1088, 954, 508, 0.15%, 0, 0, 3, 122.17, 311843, 12763
3972, 0, 830, 1088, 954, 508, 0.15%, 0, 0, 3, 107.15, 312379, 12763
3977, 0, 830, 1088, 954, 508, 0.15%, 0, 0, 3, 113.98, 312957, 12763
3983, 0, 830, 1088, 954, 508, 0.15%, 0, 0, 3, 124.09, 313587, 12763
3988, 0, 830, 1089, 955, 508, 0.15%, 0, 0, 3, 109.04, 314106, 12763
3993, 0, 830, 1089, 955, 508, 0.15%, 0, 0, 3, 140.61, 314552, 12763
3998, 0, 830, 1090, 956, 508, 0.15%, 0, 0, 3, 124.27, 315131, 12763
4003, 0, 830, 1090, 956, 508, 0.15%, 0, 0, 3, 117.93, 315723, 12763
4009, 0, 830, 1090, 956, 508, 0.15%, 0, 0, 3, 116.01, 316303, 12763
4014, 0, 830, 1090, 956, 508, 0.15%, 0, 0, 3, 116.68, 316915, 12763
4019, 0, 830, 1090, 956, 508, 0.15%, 0, 0, 3, 103.06, 317423, 12763
4024, 0, 830, 1090, 956, 508, 0.15%, 0, 0, 3, 115.85, 318037, 12763
4029, 0, 830, 1090, 956, 508, 0.15%, 0, 0, 3, 72.10, 318489, 12763
4034, 0, 830, 1090, 956, 508, 0.15%, 0, 0, 3, 110.34, 319089, 12763
4039, 0, 830, 1090, 956, 508, 0.15%, 0, 0, 3, 121.38, 319671, 12763
4045, 0, 830, 1090, 956, 508, 0.15%, 0, 0, 3, 17.09, 320143, 12763
4050, 0, 830, 1090, 956, 508, 0.15%, 0, 0, 3, 123.35, 320723, 12763
4055, 0, 958, 1090, 955, 505, 0.15%, 0, 0, 3, 119.88, 321052, 12763
4060, 0, 958, 1090, 955, 505, 0.15%, 0, 0, 3, 131.99, 321572, 12763
4065, 0, 346, 1090, 954, 504, 0.15%, 0, 0, 3, 101.56, 322067, 12763
4070, 0, 508, 1090, 953, 503, 0.15%, 0, 0, 3, 113.75, 322615, 12763
4076, 0, 301, 1090, 952, 502, 0.15%, 0, 0, 3, 107.20, 323121, 12763
4081, 0, 385, 1090, 951, 501, 0.15%, 0, 0, 3, 96.52, 323560, 12763
4086, 0, 327, 1090, 950, 500, 0.15%, 0, 0, 3, 96.16, 324038, 12763
4091, 0, 327, 1091, 951, 500, 0.15%, 0, 0, 3, 99.26, 324541, 12764
4096, 0, 173, 1091, 950, 500, 0.15%, 0, 0, 3, 57.18, 324845, 12764
4102, 0, 1027, 1092, 950, 499, 0.15%, 0, 0, 3, 68.24, 325256, 12765
4107, 0, 1027, 1092, 950, 499, 0.15%, 0, 0, 3, 84.99, 325711, 12765
4112, 0, 582, 1092, 949, 498, 0.15%, 0, 0, 3, 92.50, 326165, 12765
4117, 0, 397, 1092, 948, 497, 0.15%, 0, 0, 3, 92.43, 326660, 12765
4122, 0, 1039, 1092, 947, 496, 0.15%, 0, 0, 3, 115.29, 327116, 12765
4128, 0, 1039, 1092, 947, 496, 0.15%, 0, 0, 3, 112.17, 327548, 12765
4133, 0, 504, 1092, 946, 495, 0.15%, 0, 0, 3, 99.21, 327981, 12765
4138, 0, 331, 1092, 945, 494, 0.15%, 0, 0, 3, 114.37, 328549, 12765
4143, 0, 642, 1093, 945, 493, 0.15%, 0, 0, 3, 116.82, 329117, 12765
4148, 0, 663, 1093, 944, 493, 0.15%, 0, 0, 3, 4.50, 329493, 12765
4153, 0, 663, 1093, 944, 493, 0.15%, 0, 0, 3, 74.68, 329767, 12765
4158, 0, 663, 1093, 944, 493, 0.15%, 0, 0, 3, 60.24, 330042, 12765
4163, 0, 755, 1094, 944, 492, 0.15%, 0, 0, 3, 72.00, 330410, 12765
4168, 0, 755, 1096, 946, 492, 0.15%, 0, 0, 3, 146.34, 330806, 12765
4173, 0, 228, 1096, 945, 491, 0.15%, 0, 0, 3, 114.64, 331084, 12765
4179, 0, 803, 1097, 945, 490, 0.15%, 0, 0, 3, 14.90, 331520, 12767
4185, 0, 803, 1097, 945, 490, 0.15%, 0, 0, 3, 97.43, 332029, 12767
4190, 0, 643, 1097, 944, 489, 0.15%, 0, 0, 3, 128.53, 332508, 12767
4195, 0, 1042, 1097, 943, 488, 0.15%, 0, 0, 3, 98.89, 332982, 12767
4200, 0, 712, 1097, 942, 487, 0.15%, 0, 0, 3, 70.45, 333439, 12767
4205, 0, 614, 1097, 941, 486, 0.15%, 0, 0, 3, 95.18, 333963, 12767
4210, 0, 714, 1097, 940, 485, 0.15%, 0, 0, 3, 138.14, 334421, 12767
4216, 0, 714, 1097, 940, 485, 0.15%, 0, 0, 3, 42.36, 334654, 12767
4221, 0, 877, 1097, 939, 484, 0.15%, 0, 0, 3, 83.32, 335090, 12767
4226, 0, 411, 1097, 938, 483, 0.15%, 0, 0, 3, 85.14, 335523, 12767
4231, 0, 134, 1097, 937, 482, 0.15%, 0, 0, 3, 86.48, 335958, 12767
4236, 0, 134, 1097, 937, 482, 0.15%, 0, 0, 3, 95.15, 336416, 12767
4241, 0, 374, 1097, 936, 481, 0.15%, 0, 0, 3, 25.56, 336901, 12767
4246, 0, 787, 1097, 935, 480, 0.15%, 0, 0, 3, 62.45, 337370, 12767
4251, 0, 370, 1097, 934, 479, 0.15%, 0, 0, 3, 83.08, 337801, 12767
4256, 0, 370, 1100, 937, 479, 0.15%, 0, 0, 3, 102.21, 338325, 12770
4261, 0, 224, 1101, 937, 480, 0.15%, 0, 0, 3, 113.41, 338650, 12785
4266, 0, 224, 1101, 937, 480, 0.15%, 0, 0, 3, 118.05, 339148, 12785
4271, 0, 224, 1102, 938, 480, 0.15%, 0, 0, 3, 55.50, 339550, 12792
4276, 0, 38, 1102, 937, 479, 0.15%, 0, 0, 3, 53.40, 339772, 12792
4281, 0, 38, 1102, 937, 479, 0.15%, 0, 0, 3, 73.73, 339993, 12792
4287, 0, 539, 1102, 936, 478, 0.15%, 0, 0, 3, 69.69, 340302, 12792
4292, 0, 253, 1102, 935, 477, 0.15%, 0, 0, 3, 7.65, 340797, 12792
4297, 0, 253, 1102, 935, 477, 0.15%, 0, 0, 3, 81.52, 341254, 12792
4302, 0, 201, 1102, 934, 476, 0.15%, 0, 0, 3, 106.86, 341823, 12792
4307, 0, 553, 1102, 932, 474, 0.15%, 0, 0, 3, 125.85, 342275, 12792
4313, 0, 596, 1102, 931, 473, 0.15%, 0, 0, 3, 51.71, 342813, 12792
4318, 0, 1043, 1102, 930, 472, 0.15%, 0, 0, 3, 89.10, 343336, 12792
4323, 0, 1043, 1103, 931, 472, 0.15%, 0, 0, 3, 85.77, 343751, 12801
4328, 0, 636, 1104, 931, 473, 0.15%, 0, 0, 3, 9.80, 344114, 12801
4334, 0, 636, 1105, 932, 473, 0.15%, 0, 0, 3, 107.16, 344651, 12801
4339, 0, 717, 1105, 931, 472, 0.15%, 0, 0, 3, 65.22, 344933, 12801
4344, 0, 434, 1105, 930, 471, 0.15%, 0, 0, 3, 63.16, 345195, 12801
4349, 0, 434, 1105, 930, 471, 0.15%, 0, 0, 3, 91.74, 345682, 12801
4354, 0, 361, 1105, 929, 470, 0.15%, 0, 0, 3, 75.01, 346098, 12801
4359, 0, 47, 1105, 928, 469, 0.15%, 0, 0, 3, 89.91, 346591, 12801
4364, 0, 360, 1105, 927, 468, 0.15%, 0, 0, 3, 94.08, 347043, 12801
4370, 0, 290, 1105, 926, 467, 0.15%, 0, 0, 3, 84.40, 347434, 12801
4375, 0, 287, 1105, 925, 466, 0.15%, 0, 0, 3, 110.07, 348000, 12801
4380, 0, 287, 1105, 925, 466, 0.15%, 0, 0, 3, 118.75, 348425, 12801
4385, 0, 427, 1105, 924, 465, 0.15%, 0, 0, 3, 102.16, 348859, 12801
4390, 0, 165, 1105, 923, 464, 0.15%, 0, 0, 3, 21.05, 349207, 12801
4395, 0, 165, 1105, 923, 464, 0.15%, 0, 0, 3, 110.38, 349605, 12801
4400, 0, 532, 1105, 922, 463, 0.15%, 0, 0, 3, 100.25, 350131, 12801
4405, 0, 720, 1105, 921, 462, 0.15%, 0, 0, 3, 67.18, 350458, 12801
4411, 0, 720, 1106, 922, 462, 0.15%, 0, 0, 3, 52.69, 350690, 12803
4416, 0, 493, 1106, 921, 461, 0.15%, 0, 0, 3, 58.83, 350973, 12803
4421, 0, 837, 1106, 920, 460, 0.15%, 0, 0, 3, 72.67, 351440, 12803
4426, 0, 837, 1110, 924, 460, 0.15%, 0, 0, 3, 93.17, 351870, 12805
4431, 0, 837, 1111, 925, 460, 0.15%, 0, 0, 3, 76.36, 352211, 12805
4436, 0, 837, 1111, 925, 460, 0.15%, 0, 0, 3, 98.72, 352751, 12805
4441, 0, 837, 1111, 925, 460, 0.15%, 0, 0, 3, 111.34, 353340, 12805
4446, 0, 837, 1111, 925, 460, 0.15%, 0, 0, 3, 97.01, 353790, 12805
4451, 0, 837, 1111, 925, 460, 0.15%, 0, 0, 3, 101.86, 354318, 12805
4457, 0, 837, 1112, 926, 460, 0.15%, 0, 0, 3, 94.41, 354755, 12806
4462, 0, 837, 1112, 926, 460, 0.15%, 0, 0, 3, 95.25, 355262, 12806
4467, 0, 837, 1112, 926, 460, 0.15%, 0, 0, 3, 95.35, 355761, 12806
4472, 0, 837, 1112, 926, 460, 0.15%, 0, 0, 3, 102.85, 356294, 12806
4477, 0, 837, 1112, 926, 460, 0.15%, 0, 0, 3, 105.88, 356806, 12806
4482, 0, 837, 1112, 926, 460, 0.15%, 0, 0, 3, 12.14, 357235, 12806
4488, 0, 837, 1112, 926, 460, 0.15%, 0, 0, 3, 103.97, 357744, 12806
4493, 0, 837, 1112, 926, 460, 0.15%, 0, 0, 3, 111.10, 358278, 12806
4498, 0, 837, 1112, 926, 460, 0.15%, 0, 0, 3, 103.18, 358776, 12806
4503, 0, 837, 1113, 927, 460, 0.15%, 0, 0, 3, 111.43, 359273, 12807
4508, 0, 837, 1113, 927, 460, 0.15%, 0, 0, 3, 136.57, 359813, 12807
4513, 0, 837, 1113, 927, 460, 0.15%, 0, 0, 3, 109.86, 360335, 12807
4518, 0, 837, 1114, 928, 460, 0.15%, 0, 0, 3, 115.11, 360906, 12808
4523, 0, 837, 1114, 928, 460, 0.15%, 0, 0, 3, 94.02, 361331, 12808
4528, 0, 837, 1114, 928, 460, 0.15%, 0, 0, 3, 102.15, 361832, 12808
4533, 0, 837, 1114, 928, 460, 0.15%, 0, 0, 3, 70.58, 362308, 12808
4539, 0, 837, 1114, 928, 460, 0.15%, 0, 0, 3, 88.15, 362763, 12808
4544, 0, 837, 1114, 928, 460, 0.15%, 0, 0, 3, 108.94, 363318, 12808
4549, 0, 837, 1114, 928, 460, 0.15%, 0, 0, 3, 106.49, 363840, 12808
4554, 0, 860, 1115, 928, 459, 0.15%, 0, 0, 3, 71.10, 364249, 12810
4559, 0, 375, 1116, 928, 459, 0.15%, 0, 0, 3, 15.71, 364609, 12810
4565, 0, 375, 1116, 928, 459, 0.15%, 0, 0, 3, 102.72, 365101, 12810
4570, 0, 246, 1116, 927, 458, 0.15%, 0, 0, 3, 118.47, 365688, 12810
4576, 0, 598, 1117, 926, 457, 0.15%, 0, 0, 3, 2.96, 366147, 12811
4581, 0, 598, 1117, 926, 457, 0.15%, 0, 0, 3, 78.01, 366554, 12811
4586, 0, 436, 1118, 926, 456, 0.15%, 0, 0, 3, 114.62, 367152, 12813
4591, 0, 199, 1118, 925, 456, 0.15%, 0, 0, 3, 8.68, 367498, 12813
4597, 0, 199, 1119, 926, 456, 0.15%, 0, 0, 3, 99.97, 367999, 12816
4602, 0, 447, 1119, 925, 456, 0.15%, 0, 0, 3, 127.59, 368416, 12816
4607, 0, 268, 1119, 924, 455, 0.15%, 0, 0, 3, 137.24, 368947, 12816
4612, 0, 268, 1119, 924, 455, 0.15%, 0, 0, 3, 113.55, 369411, 12816
4617, 0, 623, 1119, 922, 453, 0.15%, 0, 0, 3, 93.29, 369864, 12816
4623, 0, 853, 1119, 921, 452, 0.15%, 0, 0, 3, 105.76, 370398, 12816
4628, 0, 379, 1120, 921, 451, 0.15%, 0, 0, 3, 106.02, 370938, 12847
4633, 0, 34, 1120, 920, 450, 0.15%, 0, 0, 3, 111.97, 371524, 12847
4638, 0, 351, 1122, 921, 449, 0.15%, 0, 0, 3, 101.44, 372002, 12848
4643, 0, 351, 1122, 921, 449, 0.15%, 0, 0, 3, 105.72, 372546, 12848
4648, 0, 351, 1122, 921, 449, 0.15%, 0, 0, 3, 16.98, 373075, 12848
4653, 0, 351, 1122, 921, 449, 0.15%, 0, 0, 3, 109.25, 373560, 12848
4659, 0, 351, 1122, 921, 449, 0.15%, 0, 0, 3, 109.97, 374091, 12848
4664, 0, 351, 1122, 921, 449, 0.15%, 0, 0, 3, 98.37, 374573, 12848
4669, 0, 351, 1122, 921, 449, 0.15%, 0, 0, 3, 94.35, 375030, 12848
4674, 0, 351, 1122, 921, 449, 0.15%, 0, 0, 3, 101.91, 375493, 12848
4679, 0, 351, 1122, 921, 449, 0.15%, 0, 0, 3, 135.65, 375937, 12848
4684, 0, 351, 1122, 921, 449, 0.15%, 0, 0, 3, 113.77, 376465, 12848
4689, 0, 362, 1122, 921, 450, 0.15%, 0, 0, 3, 111.93, 376877, 12848
4694, 0, 362, 1122, 921, 450, 0.15%, 0, 0, 3, 130.24, 377299, 12848
4699, 0, 373, 1122, 920, 449, 0.15%, 0, 0, 3, 108.71, 377833, 12848
4705, 0, 943, 1122, 919, 448, 0.15%, 0, 0, 3, 123.35, 378298, 12848
4710, 0, 335, 1124, 920, 447, 0.15%, 0, 0, 3, 118.20, 378646, 12848
4715, 0, 335, 1124, 920, 447, 0.15%, 0, 0, 3, 120.69, 379054, 12848
4720, 0, 882, 1124, 919, 446, 0.15%, 0, 0, 3, 91.85, 379518, 12848
4725, 0, 460, 1124, 918, 445, 0.15%, 0, 0, 3, 130.71, 380027, 12848
4730, 0, 77, 1124, 917, 444, 0.15%, 0, 0, 3, 104.90, 380535, 12848
4735, 0, 288, 1125, 917, 444, 0.15%, 0, 0, 3, 75.63, 380864, 12849
4741, 0, 288, 1126, 918, 444, 0.15%, 0, 0, 3, 115.08, 381242, 12857
4746, 0, 953, 1126, 917, 444, 0.15%, 1, 0, 3, 63.11, 381470, 12857
4751, 0, 953, 1126, 917, 444, 0.15%, 1, 0, 3, 54.97, 381698, 12857
4757, 0, 505, 1126, 916, 443, 0.15%, 1, 0, 3, 5.82, 381925, 12857
4762, 0, 505, 1126, 916, 443, 0.15%, 1, 0, 3, 107.82, 382429, 12857
4767, 0, 514, 1126, 915, 442, 0.15%, 1, 0, 3, 95.14, 382861, 12857
4772, 0, 549, 1126, 914, 441, 0.15%, 1, 0, 3, 108.07, 383416, 12857
4777, 0, 1116, 1127, 914, 440, 0.15%, 1, 0, 3, 99.42, 383935, 12860
4783, 0, 280, 1127, 913, 440, 0.15%, 1, 0, 3, 5.78, 384401, 12860
4788, 0, 280, 1127, 913, 440, 0.15%, 1, 0, 3, 88.11, 384832, 12860
4793, 0, 65, 1133, 918, 439, 0.16%, 1, 0, 3, 88.74, 385191, 13341
4798, 0, 65, 1137, 922, 439, 0.16%, 1, 0, 3, 84.72, 385558, 13347
4803, 0, 65, 1138, 923, 439, 0.16%, 1, 0, 3, 82.06, 385952, 13348
4808, 0, 65, 1140, 925, 439, 0.16%, 1, 0, 3, 104.09, 386440, 13353
4814, 0, 65, 1142, 927, 439, 0.16%, 1, 0, 3, 101.86, 386913, 13358
4819, 0, 65, 1143, 928, 439, 0.16%, 1, 0, 3, 120.69, 387488, 13361
4824, 0, 65, 1146, 931, 439, 0.16%, 1, 0, 3, 120.15, 388054, 13366
4829, 0, 65, 1147, 932, 439, 0.16%, 1, 0, 3, 130.67, 388688, 13366
4834, 0, 65, 1148, 933, 439, 0.16%, 1, 0, 3, 135.15, 389344, 13366
4839, 0, 65, 1150, 935, 439, 0.16%, 1, 0, 3, 135.04, 389940, 13367
4844, 0, 65, 1152, 937, 439, 0.16%, 1, 0, 3, 131.03, 390554, 13369
4849, 0, 65, 1152, 937, 439, 0.16%, 1, 0, 3, 138.55, 391280, 13369
4855, 0, 65, 1152, 937, 439, 0.16%, 1, 0, 3, 139.46, 392006, 13369
4860, 0, 65, 1153, 938, 439, 0.16%, 1, 0, 3, 137.55, 392650, 13375
4865, 0, 65, 1154, 939, 439, 0.16%, 1, 0, 3, 135.87, 393357, 13376
4870, 0, 65, 1154, 939, 439, 0.16%, 1, 0, 3, 139.37, 394081, 13376
4875, 0, 65, 1154, 939, 439, 0.16%, 1, 0, 3, 139.21, 394805, 13376
