# relative_time, cycles_done, cur_item, corpus_count, pending_total, pending_favs, map_size, saved_crashes, saved_hangs, max_depth, execs_per_sec, total_execs, edges_found
61, 0, 0, 47, 47, 1, 0.02%, 0, 0, 2, 112.99, 4685, 1916
66, 0, 0, 47, 47, 1, 0.02%, 0, 0, 2, 97.26, 5112, 1916
71, 0, 0, 47, 47, 1, 0.02%, 0, 0, 2, 86.65, 5505, 1916
76, 0, 0, 47, 47, 1, 0.02%, 0, 0, 2, 66.56, 5891, 1916
81, 0, 0, 47, 47, 1, 0.02%, 0, 0, 2, 83.09, 6340, 1916
87, 0, 0, 48, 48, 1, 0.02%, 0, 0, 2, 150.03, 6789, 1919
92, 0, 0, 55, 54, 0, 0.04%, 0, 0, 2, 25.20, 7184, 3059
97, 0, 0, 77, 76, 0, 0.06%, 0, 0, 2, 37.19, 7393, 4746
102, 0, 0, 94, 93, 0, 0.07%, 0, 0, 2, 39.96, 7574, 5749
107, 0, 0, 114, 113, 0, 0.07%, 0, 0, 2, 42.81, 7775, 6235
112, 0, 0, 136, 135, 0, 0.08%, 0, 0, 2, 44.93, 7993, 6617
118, 0, 0, 159, 158, 0, 0.08%, 0, 0, 2, 47.08, 8228, 6837
123, 0, 0, 186, 185, 0, 0.09%, 0, 0, 2, 48.83, 8488, 7145
129, 0, 0, 201, 200, 0, 0.09%, 0, 0, 2, 41.24, 8656, 7232
134, 0, 0, 219, 218, 0, 0.09%, 0, 0, 2, 42.08, 8858, 7472
139, 0, 0, 245, 244, 0, 0.09%, 0, 0, 2, 49.83, 9096, 7716
144, 0, 0, 264, 263, 0, 0.09%, 0, 0, 2, 63.71, 9267, 7798
149, 0, 0, 288, 287, 0, 0.10%, 0, 0, 2, 57.25, 9498, 8112
155, 0, 0, 310, 309, 0, 0.10%, 0, 0, 2, 54.41, 9732, 8462
160, 0, 0, 325, 324, 0, 0.10%, 0, 0, 2, 48.06, 9916, 8575
165, 0, 0, 344, 343, 0, 0.10%, 0, 0, 2, 45.98, 10116, 8777
170, 0, 0, 364, 363, 0, 0.11%, 0, 0, 2, 45.07, 10334, 8884
176, 0, 0, 381, 380, 0, 0.11%, 0, 0, 2, 61.74, 10524, 8914
181, 0, 0, 411, 410, 0, 0.11%, 0, 0, 2, 59.00, 10803, 9049
186, 0, 0, 437, 436, 0, 0.11%, 0, 0, 2, 56.56, 11029, 9187
191, 0, 0, 464, 463, 0, 0.11%, 0, 0, 2, 56.78, 11294, 9305
196, 0, 0, 482, 481, 0, 0.11%, 0, 0, 2, 47.73, 11494, 9357
202, 0, 0, 500, 499, 0, 0.11%, 0, 0, 2, 46.75, 11695, 9425
207, 0, 0, 528, 527, 0, 0.11%, 0, 0, 2, 54.92, 11979, 9578
212, 0, 0, 552, 551, 0, 0.12%, 0, 0, 2, 53.86, 12227, 9718
218, 0, 0, 576, 575, 0, 0.12%, 0, 0, 2, 50.73, 12458, 9806
223, 0, 0, 596, 595, 0, 0.12%, 0, 0, 2, 46.82, 12669, 9876
228, 0, 0, 625, 624, 0, 0.12%, 0, 0, 2, 53.29, 12943, 9975
233, 0, 0, 650, 649, 0, 0.12%, 0, 0, 2, 53.44, 13196, 10084
239, 0, 0, 674, 673, 0, 0.12%, 0, 0, 2, 50.94, 13436, 10269
244, 0, 0, 698, 697, 0, 0.12%, 0, 0, 2, 49.20, 13671, 10348
249, 0, 0, 713, 712, 0, 0.13%, 0, 0, 2, 43.20, 13841, 10552
255, 0, 0, 735, 734, 0, 0.13%, 0, 0, 2, 44.22, 14056, 10670
260, 0, 0, 753, 752, 0, 0.13%, 0, 0, 2, 45.69, 14252, 10733
265, 0, 0, 784, 783, 0, 0.13%, 0, 0, 2, 52.21, 14532, 10815
271, 0, 0, 807, 806, 0, 0.13%, 0, 0, 2, 9.51, 14758, 10866
277, 0, 0, 819, 818, 0, 0.13%, 0, 0, 2, 60.02, 14868, 10869
282, 0, 253, 826, 825, 560, 0.13%, 0, 0, 2, 9.60, 14974, 10869
287, 0, 797, 826, 824, 559, 0.13%, 0, 0, 2, 76.73, 15344, 10869
292, 0, 548, 826, 822, 557, 0.13%, 0, 0, 2, 93.62, 15817, 10869
297, 0, 249, 826, 821, 556, 0.13%, 0, 0, 2, 92.24, 16247, 10869
302, 0, 412, 826, 819, 554, 0.13%, 0, 0, 2, 87.78, 16676, 10869
307, 0, 765, 826, 817, 552, 0.13%, 0, 0, 2, 92.69, 17184, 10869
312, 0, 580, 826, 816, 551, 0.13%, 0, 0, 2, 127.70, 17631, 10869
318, 0, 565, 827, 815, 550, 0.13%, 0, 0, 2, 21.41, 17981, 10877
323, 0, 485, 829, 816, 550, 0.13%, 0, 0, 2, 18.71, 18335, 10878
328, 0, 310, 829, 815, 549, 0.13%, 0, 0, 2, 69.88, 18728, 10878
334, 0, 788, 829, 814, 548, 0.13%, 0, 0, 2, 134.39, 19112, 10878
339, 0, 373, 829, 813, 547, 0.13%, 0, 0, 2, 18.69, 19262, 10878
344, 0, 373, 829, 813, 547, 0.13%, 0, 0, 2, 24.79, 19381, 10878
349, 0, 474, 830, 813, 546, 0.13%, 0, 0, 2, 81.79, 19678, 10878
354, 0, 662, 830, 811, 544, 0.13%, 0, 0, 2, 57.82, 20068, 10878
359, 0, 283, 830, 810, 543, 0.13%, 0, 0, 2, 69.60, 20512, 10878
364, 0, 753, 830, 809, 542, 0.13%, 0, 0, 2, 71.45, 20796, 10878
369, 0, 659, 831, 808, 540, 0.13%, 0, 0, 2, 49.72, 21134, 10880
375, 0, 265, 831, 807, 540, 0.13%, 0, 0, 2, 116.28, 21508, 10880
380, 0, 112, 831, 806, 539, 0.13%, 0, 0, 2, 78.22, 21940, 10880
385, 0, 72, 832, 805, 537, 0.13%, 0, 0, 2, 13.18, 22292, 10880
390, 0, 209, 833, 805, 537, 0.13%, 0, 0, 2, 0.80, 22595, 10892
395, 0, 223, 834, 805, 536, 0.13%, 0, 0, 2, 87.83, 23055, 10892
401, 0, 531, 834, 804, 535, 0.13%, 0, 0, 2, 40.03, 23280, 10892
406, 0, 140, 835, 804, 534, 0.13%, 0, 0, 2, 87.47, 23784, 10892
411, 0, 497, 835, 802, 532, 0.13%, 0, 0, 2, 134.09, 24151, 10892
416, 0, 826, 836, 802, 531, 0.13%, 0, 0, 3, 99.59, 24581, 10894
421, 0, 562, 836, 801, 531, 0.13%, 0, 0, 3, 24.12, 24902, 10894
426, 0, 658, 836, 800, 530, 0.13%, 0, 0, 3, 115.77, 25382, 10894
431, 0, 330, 836, 799, 529, 0.13%, 0, 0, 3, 66.41, 25653, 10894
438, 0, 739, 837, 799, 528, 0.13%, 0, 0, 3, 16.38, 25872, 10896
443, 0, 277, 837, 798, 527, 0.13%, 0, 0, 3, 51.79, 26156, 10896
448, 0, 505, 837, 796, 525, 0.13%, 0, 0, 3, 88.12, 26635, 10896
453, 0, 347, 837, 794, 523, 0.13%, 0, 0, 3, 118.93, 27096, 10896
458, 0, 159, 837, 793, 522, 0.13%, 0, 0, 3, 99.15, 27550, 10896
463, 0, 91, 838, 792, 520, 0.13%, 0, 0, 3, 98.21, 28012, 10896
468, 0, 285, 838, 791, 518, 0.13%, 0, 0, 3, 111.61, 28444, 10896
473, 0, 398, 838, 789, 516, 0.13%, 0, 0, 3, 104.09, 28917, 10896
478, 0, 395, 838, 788, 515, 0.13%, 0, 0, 3, 24.34, 29264, 10896
484, 0, 522, 838, 786, 513, 0.13%, 0, 0, 3, 100.04, 29676, 10896
489, 0, 369, 838, 785, 512, 0.13%, 0, 0, 3, 123.25, 30084, 10896
494, 0, 815, 838, 783, 510, 0.13%, 0, 0, 3, 13.16, 30430, 10896
499, 0, 317, 838, 782, 509, 0.13%, 0, 0, 3, 122.82, 30750, 10896
504, 0, 567, 838, 781, 508, 0.13%, 0, 0, 3, 93.55, 31176, 10896
509, 0, 419, 838, 779, 506, 0.13%, 0, 0, 3, 95.95, 31652, 10896
514, 0, 260, 838, 777, 504, 0.13%, 0, 0, 3, 12.08, 32008, 10896
519, 0, 614, 838, 776, 503, 0.13%, 0, 0, 3, 104.30, 32511, 10896
525, 0, 725, 838, 774, 501, 0.13%, 0, 0, 3, 105.00, 33010, 10896
530, 0, 357, 840, 775, 500, 0.13%, 0, 0, 3, 124.74, 33473, 10904
535, 0, 837, 840, 773, 498, 0.13%, 0, 0, 3, 116.76, 33823, 10904
540, 0, 442, 840, 772, 497, 0.13%, 0, 0, 3, 115.63, 34196, 10904
545, 0, 231, 841, 771, 495, 0.13%, 0, 0, 3, 103.40, 34674, 10906
550, 0, 79, 841, 770, 495, 0.13%, 0, 0, 3, 51.71, 34967, 10906
555, 0, 247, 841, 769, 494, 0.13%, 0, 0, 3, 53.05, 35207, 10906
560, 0, 490, 841, 768, 493, 0.13%, 0, 0, 3, 110.53, 35570, 10906
565, 0, 375, 841, 766, 491, 0.13%, 0, 0, 3, 111.56, 36114, 10906
570, 0, 677, 841, 764, 489, 0.13%, 0, 0, 3, 79.07, 36446, 10906
576, 0, 744, 841, 763, 488, 0.13%, 0, 0, 3, 80.33, 36874, 10906
581, 0, 660, 841, 761, 486, 0.13%, 0, 0, 3, 85.34, 37306, 10906
586, 0, 220, 842, 761, 485, 0.13%, 0, 0, 3, 67.40, 37603, 10915
591, 0, 203, 843, 761, 484, 0.13%, 0, 0, 3, 77.98, 37969, 10920
596, 0, 297, 843, 759, 483, 0.13%, 0, 0, 3, 124.76, 38331, 10920
601, 0, 84, 843, 758, 482, 0.13%, 0, 0, 3, 108.37, 38880, 10920
606, 0, 807, 843, 756, 480, 0.13%, 0, 0, 3, 93.83, 39330, 10920
611, 0, 403, 843, 755, 479, 0.13%, 0, 0, 3, 90.95, 39788, 10920
616, 0, 337, 843, 753, 477, 0.13%, 0, 0, 3, 98.21, 40288, 10920
621, 0, 128, 843, 751, 475, 0.13%, 0, 0, 3, 102.83, 40723, 10920
626, 0, 381, 844, 751, 474, 0.13%, 0, 0, 3, 138.30, 41092, 10920
631, 0, 669, 844, 749, 472, 0.13%, 0, 0, 3, 141.46, 41567, 10920
636, 0, 712, 845, 749, 471, 0.13%, 0, 0, 3, 113.28, 41829, 10939
642, 0, 414, 845, 748, 470, 0.13%, 0, 0, 3, 101.22, 42352, 10939
647, 0, 728, 845, 746, 468, 0.13%, 0, 0, 3, 88.35, 42797, 10939
652, 0, 543, 847, 747, 467, 0.13%, 0, 0, 3, 95.94, 43263, 10946
657, 0, 492, 847, 746, 467, 0.13%, 0, 0, 3, 13.46, 43553, 10946
662, 0, 273, 850, 748, 466, 0.13%, 0, 0, 3, 91.44, 43999, 10946
667, 0, 611, 850, 747, 465, 0.13%, 0, 0, 3, 5.43, 44399, 10946
673, 0, 338, 850, 746, 464, 0.13%, 0, 0, 3, 83.33, 44826, 10946
678, 0, 561, 850, 744, 462, 0.13%, 0, 0, 3, 128.08, 45263, 10946
683, 0, 740, 850, 743, 461, 0.13%, 0, 0, 3, 99.85, 45743, 10946
688, 0, 438, 851, 743, 460, 0.13%, 0, 0, 3, 89.45, 46180, 10947
693, 0, 354, 851, 741, 458, 0.13%, 0, 0, 3, 64.89, 46651, 10947
698, 0, 400, 851, 739, 456, 0.13%, 0, 0, 3, 81.54, 47097, 10947
703, 0, 308, 852, 739, 455, 0.13%, 0, 0, 3, 131.60, 47504, 10947
709, 0, 516, 852, 737, 453, 0.13%, 0, 0, 3, 91.00, 47941, 10947
714, 0, 98, 852, 735, 451, 0.13%, 0, 0, 3, 106.91, 48475, 10947
719, 0, 680, 852, 734, 450, 0.13%, 0, 0, 3, 115.36, 48893, 10947
724, 0, 43, 853, 733, 448, 0.13%, 0, 0, 3, 89.45, 49263, 10947
729, 0, 252, 853, 732, 447, 0.13%, 0, 0, 3, 69.08, 49601, 10947
734, 0, 764, 853, 730, 445, 0.13%, 0, 0, 3, 90.85, 50089, 10947
740, 0, 318, 853, 728, 443, 0.13%, 0, 0, 3, 91.25, 50637, 10947
745, 0, 678, 854, 728, 442, 0.13%, 0, 0, 3, 94.26, 51042, 10949
750, 0, 182, 856, 729, 441, 0.13%, 0, 0, 3, 83.63, 51344, 10950
755, 0, 182, 857, 730, 441, 0.13%, 0, 0, 3, 83.75, 51688, 10950
760, 0, 329, 857, 729, 442, 0.13%, 0, 0, 3, 117.06, 52074, 10950
765, 0, 513, 857, 727, 440, 0.13%, 0, 0, 3, 100.12, 52536, 10950
770, 0, 281, 857, 726, 439, 0.13%, 0, 0, 3, 54.04, 52841, 10950
775, 0, 538, 857, 725, 438, 0.13%, 0, 0, 3, 67.30, 53151, 10950
781, 0, 714, 857, 723, 436, 0.13%, 0, 0, 3, 89.92, 53644, 10950
786, 0, 623, 857, 722, 435, 0.13%, 0, 0, 3, 90.67, 54083, 10950
791, 0, 23, 857, 720, 433, 0.13%, 0, 0, 3, 112.49, 54509, 10950
796, 0, 556, 857, 719, 432, 0.13%, 0, 0, 3, 121.60, 54901, 10950
801, 0, 828, 857, 717, 430, 0.13%, 0, 0, 3, 77.50, 55292, 10950
806, 0, 485, 857, 715, 428, 0.13%, 0, 0, 3, 123.19, 55729, 10950
811, 0, 485, 857, 715, 428, 0.13%, 0, 0, 3, 101.38, 56150, 10950
816, 0, 485, 857, 715, 428, 0.13%, 0, 0, 3, 96.77, 56621, 10950
822, 0, 224, 858, 715, 427, 0.13%, 0, 0, 3, 3.63, 57000, 10958
828, 0, 224, 858, 715, 427, 0.13%, 0, 0, 3, 36.82, 57267, 10958
833, 0, 421, 858, 713, 425, 0.13%, 0, 0, 3, 95.74, 57768, 10958
838, 0, 319, 858, 711, 423, 0.13%, 0, 0, 3, 95.17, 58271, 10958
843, 0, 411, 858, 710, 422, 0.13%, 0, 0, 3, 71.81, 58668, 10958
848, 0, 386, 858, 708, 420, 0.13%, 0, 0, 3, 89.02, 59113, 10958
853, 0, 425, 858, 706, 418, 0.13%, 0, 0, 3, 15.50, 59509, 10958
859, 0, 617, 859, 706, 415, 0.15%, 0, 0, 3, 11.96, 59896, 12413
864, 0, 274, 859, 705, 414, 0.15%, 0, 0, 3, 24.03, 60280, 12413
869, 0, 291, 860, 705, 413, 0.15%, 0, 0, 3, 44.42, 60498, 12416
874, 0, 478, 860, 704, 412, 0.15%, 0, 0, 3, 66.81, 60915, 12416
880, 0, 227, 860, 702, 410, 0.15%, 0, 0, 3, 22.52, 61324, 12416
885, 0, 142, 860, 701, 409, 0.15%, 0, 0, 3, 58.94, 61553, 12416
890, 0, 290, 860, 700, 408, 0.15%, 0, 0, 3, 82.23, 62003, 12416
895, 0, 362, 860, 698, 406, 0.15%, 0, 0, 3, 113.28, 62523, 12416
900, 0, 554, 862, 698, 404, 0.15%, 0, 0, 3, 121.99, 62986, 12417
905, 0, 554, 862, 698, 404, 0.15%, 0, 0, 3, 87.52, 63357, 12417
910, 0, 827, 862, 696, 404, 0.15%, 0, 0, 3, 111.70, 63715, 12417
915, 0, 510, 862, 695, 403, 0.15%, 0, 0, 3, 93.13, 64150, 12417
920, 0, 857, 863, 695, 402, 0.15%, 0, 0, 3, 18.39, 64506, 12418
925, 0, 716, 865, 696, 402, 0.15%, 0, 0, 3, 121.36, 64876, 12420
930, 0, 461, 865, 694, 400, 0.15%, 0, 0, 3, 114.20, 65197, 12420
935, 0, 309, 865, 693, 399, 0.15%, 0, 0, 3, 102.54, 65710, 12420
941, 0, 707, 865, 691, 397, 0.15%, 0, 0, 3, 107.06, 66221, 12420
946, 0, 482, 866, 690, 396, 0.15%, 0, 0, 3, 18.09, 66555, 12421
951, 0, 299, 866, 689, 395, 0.15%, 0, 0, 3, 115.18, 67076, 12421
956, 0, 186, 866, 687, 393, 0.15%, 0, 0, 3, 122.84, 67523, 12421
961, 0, 152, 866, 686, 392, 0.15%, 0, 0, 3, 8.40, 67828, 12421
966, 0, 388, 866, 684, 390, 0.15%, 0, 0, 3, 79.95, 68257, 12421
971, 0, 74, 866, 683, 389, 0.15%, 0, 0, 3, 83.61, 68666, 12421
977, 0, 514, 866, 681, 387, 0.15%, 0, 0, 3, 94.88, 69131, 12421
982, 0, 552, 866, 680, 386, 0.15%, 0, 0, 3, 30.26, 69503, 12421
987, 0, 865, 866, 678, 384, 0.15%, 0, 0, 3, 81.20, 69999, 12421
992, 0, 633, 866, 676, 382, 0.15%, 0, 0, 3, 82.53, 70412, 12421
997, 0, 695, 866, 675, 381, 0.15%, 0, 0, 3, 76.23, 70791, 12421
1002, 0, 563, 866, 673, 379, 0.15%, 0, 0, 3, 105.31, 71243, 12421
1008, 0, 641, 866, 671, 377, 0.15%, 0, 0, 3, 98.26, 71728, 12421
1013, 0, 334, 866, 669, 375, 0.15%, 0, 0, 3, 109.21, 72256, 12421
1018, 0, 423, 866, 668, 374, 0.15%, 0, 0, 3, 95.25, 72737, 12421
1023, 0, 155, 866, 666, 372, 0.15%, 0, 0, 3, 25.22, 73130, 12421
1028, 0, 861, 866, 665, 371, 0.15%, 0, 0, 3, 7.61, 73433, 12421
1034, 0, 175, 866, 664, 370, 0.15%, 0, 0, 3, 64.87, 73704, 12421
1039, 0, 422, 866, 663, 369, 0.15%, 0, 0, 3, 73.03, 73988, 12421
1044, 0, 59, 866, 662, 368, 0.15%, 0, 0, 3, 86.73, 74439, 12421
1049, 0, 622, 866, 660, 366, 0.15%, 0, 0, 3, 94.28, 74937, 12421
1054, 0, 226, 867, 659, 364, 0.15%, 0, 0, 3, 88.48, 75342, 12422
1059, 0, 402, 868, 659, 363, 0.15%, 0, 0, 3, 80.31, 75719, 12423
1064, 0, 763, 869, 658, 361, 0.15%, 0, 0, 3, 113.87, 76173, 12423
1069, 0, 147, 869, 657, 360, 0.15%, 0, 0, 3, 21.69, 76513, 12423
1074, 0, 216, 869, 656, 359, 0.15%, 0, 0, 3, 57.15, 76810, 12423
1079, 0, 258, 869, 653, 356, 0.15%, 0, 0, 3, 110.30, 77436, 12423
1085, 0, 258, 869, 653, 356, 0.15%, 0, 0, 3, 61.38, 77676, 12423
1090, 0, 448, 869, 650, 353, 0.15%, 0, 0, 3, 103.66, 78235, 12423
1095, 0, 542, 869, 649, 352, 0.15%, 0, 0, 3, 16.86, 78708, 12423
1100, 0, 858, 872, 651, 351, 0.15%, 0, 0, 3, 23.98, 78894, 12428
1106, 0, 858, 876, 655, 351, 0.15%, 0, 0, 3, 34.26, 79075, 12438
1111, 0, 858, 878, 657, 351, 0.15%, 0, 0, 3, 43.61, 79284, 12439
1117, 0, 858, 880, 659, 351, 0.15%, 0, 0, 3, 49.57, 79571, 12462
1122, 0, 858, 882, 661, 351, 0.15%, 0, 0, 3, 47.41, 79760, 12465
1127, 0, 858, 882, 661, 351, 0.15%, 0, 0, 3, 54.24, 80037, 12465
1132, 0, 858, 883, 662, 351, 0.15%, 0, 0, 3, 56.44, 80303, 12467
1137, 0, 858, 885, 664, 351, 0.15%, 0, 0, 3, 52.54, 80515, 12470
1142, 0, 858, 885, 664, 351, 0.15%, 0, 0, 3, 51.75, 80786, 12470
1147, 0, 858, 886, 665, 351, 0.15%, 0, 0, 3, 51.30, 81031, 12471
1152, 0, 858, 886, 665, 351, 0.15%, 0, 0, 3, 50.87, 81275, 12471
1157, 0, 858, 887, 666, 351, 0.15%, 0, 0, 3, 49.39, 81516, 12472
1162, 0, 858, 887, 666, 351, 0.15%, 0, 0, 3, 53.22, 81786, 12472
1168, 0, 858, 887, 666, 351, 0.15%, 0, 0, 3, 51.96, 82048, 12472
1173, 0, 858, 887, 666, 351, 0.15%, 0, 0, 3, 55.87, 82323, 12472
1178, 0, 858, 887, 666, 351, 0.15%, 0, 0, 3, 56.26, 82616, 12472
1183, 0, 858, 888, 667, 351, 0.15%, 0, 0, 3, 54.58, 82880, 12473
1188, 0, 858, 890, 669, 351, 0.15%, 0, 0, 3, 46.22, 83066, 12484
1193, 0, 858, 891, 670, 351, 0.15%, 0, 0, 3, 47.79, 83294, 12485
1198, 0, 858, 892, 671, 351, 0.15%, 0, 0, 3, 47.93, 83517, 12486
1203, 0, 858, 892, 671, 351, 0.15%, 0, 0, 3, 54.08, 83809, 12486
1208, 0, 858, 892, 671, 351, 0.15%, 0, 0, 3, 51.84, 84067, 12486
1213, 0, 858, 893, 672, 351, 0.15%, 0, 0, 3, 54.50, 84323, 12487
1218, 0, 858, 894, 673, 351, 0.15%, 0, 0, 3, 53.54, 84584, 12495
1224, 0, 858, 894, 673, 351, 0.15%, 0, 0, 3, 49.63, 84831, 12495
1229, 0, 858, 894, 673, 351, 0.15%, 0, 0, 3, 51.88, 85086, 12495
1234, 0, 858, 894, 673, 351, 0.15%, 0, 0, 3, 51.31, 85359, 12495
1239, 0, 858, 894, 673, 351, 0.15%, 0, 0, 3, 52.60, 85628, 12495
1244, 0, 301, 895, 673, 354, 0.15%, 0, 0, 3, 7.63, 85836, 12497
1249, 0, 806, 896, 673, 353, 0.15%, 0, 0, 3, 43.56, 86185, 12497
1254, 0, 806, 896, 673, 353, 0.15%, 0, 0, 3, 52.52, 86301, 12497
1259, 0, 243, 896, 671, 351, 0.15%, 0, 0, 3, 85.34, 86705, 12497
1265, 0, 790, 896, 670, 350, 0.15%, 0, 0, 3, 109.86, 87118, 12497
1270, 0, 646, 896, 668, 348, 0.15%, 0, 0, 3, 93.73, 87601, 12497
1275, 0, 460, 896, 666, 346, 0.15%, 0, 0, 3, 94.00, 88071, 12497
1281, 0, 479, 897, 665, 345, 0.15%, 0, 0, 3, 13.16, 88635, 12499
1286, 0, 785, 897, 663, 343, 0.15%, 0, 0, 3, 114.19, 89174, 12499
1291, 0, 218, 897, 662, 342, 0.15%, 0, 0, 3, 100.85, 89644, 12499
1297, 0, 262, 897, 661, 341, 0.15%, 0, 0, 3, 62.99, 89905, 12499
1302, 0, 335, 897, 660, 340, 0.15%, 0, 0, 3, 79.63, 90215, 12499
1307, 0, 139, 897, 658, 338, 0.15%, 0, 0, 3, 65.60, 90527, 12499
1312, 0, 139, 898, 659, 338, 0.15%, 0, 0, 3, 48.83, 90748, 12503
1317, 0, 555, 898, 658, 338, 0.15%, 0, 0, 3, 83.25, 91004, 12503
1322, 0, 345, 898, 656, 336, 0.15%, 0, 0, 3, 109.49, 91586, 12503
1327, 0, 81, 898, 655, 335, 0.15%, 0, 0, 3, 32.67, 91867, 12503
1333, 0, 506, 898, 653, 333, 0.15%, 0, 0, 3, 5.48, 92251, 12503
1339, 0, 523, 898, 652, 332, 0.15%, 0, 0, 3, 87.61, 92699, 12503
1344, 0, 545, 898, 650, 330, 0.15%, 0, 0, 3, 31.29, 93112, 12503
1350, 0, 217, 898, 649, 329, 0.15%, 0, 0, 3, 20.17, 93469, 12503
1355, 0, 88, 898, 648, 328, 0.15%, 0, 0, 3, 59.93, 93781, 12503
1360, 0, 612, 898, 646, 326, 0.15%, 0, 0, 3, 100.55, 94314, 12503
1365, 0, 459, 898, 645, 325, 0.15%, 0, 0, 3, 86.07, 94737, 12503
1370, 0, 685, 898, 643, 323, 0.15%, 0, 0, 3, 92.80, 95170, 12503
1375, 0, 432, 898, 642, 322, 0.15%, 0, 0, 3, 69.50, 95528, 12503
1380, 0, 65, 899, 641, 320, 0.15%, 0, 0, 3, 97.30, 96027, 12507
1386, 0, 512, 902, 643, 321, 0.15%, 0, 0, 3, 82.59, 96343, 12510
1391, 0, 263, 902, 642, 320, 0.15%, 0, 0, 3, 137.80, 96815, 12510
1396, 0, 700, 903, 641, 318, 0.15%, 0, 0, 3, 118.67, 97366, 12512
1401, 0, 832, 904, 641, 318, 0.15%, 0, 0, 3, 115.96, 97755, 12512
1406, 0, 786, 905, 641, 318, 0.15%, 0, 0, 3, 25.88, 98016, 12513
1411, 0, 164, 905, 639, 316, 0.15%, 0, 0, 3, 113.26, 98538, 12513
1416, 0, 793, 905, 637, 314, 0.15%, 0, 0, 3, 98.63, 98995, 12513
1421, 0, 902, 905, 636, 313, 0.15%, 0, 0, 3, 99.24, 99490, 12513
1426, 0, 214, 905, 634, 311, 0.15%, 0, 0, 3, 16.13, 99825, 12513
1431, 0, 214, 905, 634, 311, 0.15%, 0, 0, 3, 87.56, 100050, 12513
1437, 0, 275, 906, 633, 309, 0.15%, 0, 0, 3, 10.83, 100411, 12513
1442, 0, 133, 906, 632, 308, 0.15%, 0, 0, 3, 124.59, 100708, 12513
1447, 0, 902, 907, 631, 306, 0.15%, 0, 0, 3, 103.32, 101171, 12513
1452, 0, 902, 907, 631, 306, 0.15%, 0, 0, 3, 107.31, 101615, 12513
1457, 0, 904, 908, 631, 305, 0.15%, 0, 0, 3, 88.67, 102116, 12513
1462, 0, 57, 908, 629, 303, 0.15%, 0, 0, 3, 91.68, 102585, 12513
1467, 0, 374, 908, 628, 302, 0.15%, 0, 0, 3, 93.93, 103059, 12513
1472, 0, 328, 908, 626, 300, 0.15%, 0, 0, 3, 124.46, 103468, 12513
1477, 0, 197, 908, 624, 298, 0.15%, 0, 0, 3, 110.85, 103987, 12513
1482, 0, 325, 909, 624, 297, 0.15%, 0, 0, 3, 99.93, 104434, 12516
1488, 0, 771, 909, 623, 297, 0.15%, 0, 0, 3, 125.41, 104812, 12516
1493, 0, 102, 910, 622, 295, 0.15%, 0, 0, 3, 94.95, 105329, 12517
1498, 0, 383, 911, 622, 295, 0.15%, 0, 0, 3, 104.38, 105618, 12518
1503, 0, 397, 911, 621, 294, 0.15%, 0, 0, 3, 127.37, 106006, 12518
1508, 0, 668, 912, 621, 293, 0.15%, 0, 0, 3, 139.34, 106352, 12518
1513, 0, 92, 912, 619, 291, 0.15%, 0, 0, 3, 125.30, 106792, 12518
1519, 0, 635, 912, 618, 290, 0.15%, 0, 0, 3, 111.60, 107128, 12518
1524, 0, 434, 914, 618, 290, 0.15%, 0, 0, 3, 1.59, 107600, 12524
1529, 0, 600, 914, 617, 289, 0.15%, 0, 0, 3, 97.03, 108087, 12524
1534, 0, 795, 915, 617, 288, 0.15%, 0, 0, 3, 95.09, 108338, 12524
1539, 0, 679, 915, 616, 287, 0.15%, 0, 0, 3, 85.48, 108751, 12524
1544, 0, 679, 915, 616, 287, 0.15%, 0, 0, 3, 140.78, 109149, 12524
1549, 0, 749, 915, 615, 286, 0.15%, 0, 0, 3, 73.26, 109586, 12524
1554, 0, 215, 917, 616, 285, 0.15%, 0, 0, 3, 87.55, 110073, 12525
1559, 0, 632, 917, 615, 285, 0.15%, 0, 0, 3, 111.31, 110389, 12525
1565, 0, 157, 917, 613, 283, 0.15%, 0, 0, 3, 65.00, 110869, 12525
1570, 0, 916, 919, 614, 282, 0.15%, 0, 0, 3, 144.28, 111183, 12525
1575, 0, 675, 919, 613, 281, 0.15%, 0, 0, 3, 58.57, 111513, 12525
1580, 0, 212, 919, 611, 279, 0.15%, 0, 0, 3, 118.70, 111965, 12525
1585, 0, 909, 919, 610, 278, 0.15%, 0, 0, 3, 103.83, 112445, 12525
1590, 0, 153, 920, 610, 277, 0.15%, 0, 0, 3, 20.57, 112653, 12526
1595, 0, 100, 921, 610, 276, 0.15%, 0, 0, 3, 131.71, 112819, 12526
1600, 0, 629, 922, 610, 275, 0.15%, 0, 0, 3, 109.63, 113279, 12526
1606, 0, 852, 922, 608, 273, 0.15%, 0, 0, 3, 108.30, 113808, 12526
1611, 0, 901, 922, 606, 271, 0.15%, 0, 0, 3, 122.24, 114309, 12526
1616, 0, 650, 922, 604, 269, 0.15%, 0, 0, 3, 106.28, 114800, 12526
1621, 0, 314, 922, 602, 267, 0.15%, 0, 0, 3, 106.46, 115312, 12526
1626, 0, 359, 923, 602, 266, 0.15%, 0, 0, 3, 99.37, 115761, 12526
1631, 0, 69, 923, 600, 264, 0.15%, 0, 0, 3, 111.55, 116296, 12526
1636, 0, 162, 923, 599, 263, 0.15%, 0, 0, 3, 87.10, 116720, 12526
1642, 0, 777, 924, 598, 262, 0.15%, 0, 0, 3, 54.65, 117148, 12529
1647, 0, 532, 924, 596, 260, 0.15%, 0, 0, 3, 100.08, 117675, 12529
1652, 0, 444, 924, 595, 259, 0.15%, 0, 0, 3, 92.55, 118142, 12529
1657, 0, 742, 925, 594, 257, 0.15%, 0, 0, 3, 106.01, 118684, 12530
1662, 0, 630, 926, 593, 255, 0.15%, 0, 0, 3, 86.01, 119080, 12532
1667, 0, 428, 926, 592, 255, 0.15%, 0, 0, 3, 79.45, 119429, 12532
1672, 0, 687, 926, 591, 254, 0.15%, 0, 0, 3, 86.00, 119844, 12532
1677, 0, 517, 927, 590, 252, 0.15%, 0, 0, 3, 97.65, 120328, 12533
1682, 0, 384, 927, 589, 251, 0.15%, 0, 0, 3, 80.93, 120703, 12533
1687, 0, 296, 927, 587, 249, 0.15%, 0, 0, 3, 89.17, 121124, 12533
1693, 0, 462, 927, 586, 248, 0.15%, 0, 0, 3, 28.23, 121459, 12533
1699, 0, 597, 927, 584, 246, 0.15%, 0, 0, 3, 15.58, 121915, 12533
1704, 0, 528, 927, 583, 245, 0.15%, 0, 0, 3, 94.02, 122354, 12533
1709, 0, 682, 927, 581, 243, 0.15%, 0, 0, 3, 97.96, 122843, 12533
1714, 0, 619, 927, 580, 242, 0.15%, 0, 0, 3, 25.47, 123241, 12533
1719, 0, 774, 927, 578, 240, 0.15%, 0, 0, 3, 124.08, 123731, 12533
1724, 0, 864, 927, 576, 238, 0.15%, 0, 0, 3, 71.15, 124129, 12533
1730, 0, 737, 927, 575, 237, 0.15%, 0, 0, 3, 83.29, 124455, 12533
1735, 0, 90, 927, 574, 236, 0.15%, 0, 0, 3, 17.92, 124928, 12533
1740, 0, 54, 928, 573, 234, 0.15%, 0, 0, 3, 129.35, 125327, 12533
1745, 0, 54, 930, 575, 234, 0.15%, 0, 0, 3, 120.54, 125771, 12533
1750, 0, 259, 930, 573, 232, 0.15%, 0, 0, 3, 135.18, 126305, 12533
1755, 0, 466, 930, 571, 230, 0.15%, 0, 0, 3, 106.90, 126784, 12533
1760, 0, 780, 930, 570, 229, 0.15%, 0, 0, 3, 135.91, 127209, 12533
1765, 0, 467, 930, 568, 227, 0.15%, 0, 0, 3, 143.56, 127669, 12533
1771, 0, 455, 930, 566, 225, 0.15%, 0, 0, 3, 116.03, 128102, 12533
1776, 0, 268, 930, 565, 224, 0.15%, 0, 0, 3, 140.78, 128494, 12533
1781, 0, 255, 930, 563, 222, 0.15%, 0, 0, 3, 123.10, 128940, 12533
1786, 0, 655, 930, 561, 220, 0.15%, 0, 0, 3, 115.10, 129475, 12533
1791, 0, 573, 930, 559, 218, 0.15%, 0, 0, 3, 129.00, 129939, 12533
1796, 0, 862, 930, 558, 217, 0.15%, 0, 0, 3, 96.77, 130344, 12533
1801, 0, 420, 930, 556, 215, 0.15%, 0, 0, 3, 105.30, 130707, 12533
1807, 0, 925, 930, 555, 214, 0.15%, 0, 0, 3, 97.65, 131206, 12533
1812, 0, 584, 930, 553, 212, 0.15%, 0, 0, 3, 98.40, 131711, 12533
1817, 0, 431, 930, 551, 210, 0.15%, 0, 0, 3, 106.27, 132230, 12533
1822, 0, 233, 930, 549, 208, 0.15%, 0, 0, 3, 88.01, 132673, 12533
1827, 0, 754, 930, 547, 206, 0.15%, 0, 0, 3, 91.32, 133121, 12533
1832, 0, 356, 930, 546, 205, 0.15%, 0, 0, 3, 94.85, 133583, 12533
1837, 0, 747, 930, 544, 203, 0.15%, 0, 0, 3, 114.15, 134014, 12533
1843, 0, 389, 930, 543, 202, 0.15%, 0, 0, 3, 111.51, 134424, 12533
1848, 0, 897, 930, 541, 200, 0.15%, 0, 0, 3, 48.17, 134843, 12533
1853, 0, 494, 930, 540, 199, 0.15%, 0, 0, 3, 18.31, 135159, 12533
1858, 0, 399, 930, 538, 197, 0.15%, 0, 0, 3, 136.44, 135655, 12533
1863, 0, 721, 930, 536, 195, 0.15%, 0, 0, 3, 109.87, 136165, 12533
1868, 0, 294, 930, 534, 193, 0.15%, 0, 0, 3, 114.23, 136701, 12533
1873, 0, 379, 930, 532, 191, 0.15%, 0, 0, 3, 110.98, 137227, 12533
1878, 0, 796, 930, 531, 190, 0.15%, 0, 0, 3, 127.96, 137699, 12533
1883, 0, 221, 930, 530, 189, 0.15%, 0, 0, 3, 33.33, 137949, 12533
1888, 0, 729, 930, 529, 188, 0.15%, 0, 0, 3, 61.04, 138235, 12533
1894, 0, 236, 930, 527, 186, 0.15%, 0, 0, 3, 82.72, 138704, 12533
1899, 0, 172, 930, 526, 185, 0.15%, 0, 0, 3, 123.59, 139016, 12533
1904, 0, 178, 933, 527, 183, 0.16%, 0, 0, 3, 109.52, 139503, 13004
1909, 0, 178, 938, 532, 183, 0.16%, 0, 0, 3, 106.18, 139959, 13016
1914, 0, 178, 941, 535, 183, 0.16%, 0, 0, 3, 98.54, 140379, 13021
1919, 0, 178, 944, 538, 183, 0.16%, 0, 0, 3, 93.99, 140765, 13027
1924, 0, 178, 947, 541, 183, 0.16%, 0, 0, 3, 86.74, 141126, 13031
1929, 0, 178, 948, 542, 183, 0.16%, 0, 0, 3, 103.83, 141671, 13032
1935, 0, 178, 949, 543, 183, 0.16%, 0, 0, 3, 48.46, 142049, 13033
1940, 0, 178, 950, 544, 183, 0.16%, 0, 0, 3, 90.50, 142554, 13034
1945, 0, 178, 951, 545, 183, 0.16%, 0, 0, 3, 129.88, 143045, 13049
1950, 0, 178, 951, 545, 183, 0.16%, 0, 0, 3, 114.22, 143603, 13049
1955, 0, 178, 951, 545, 183, 0.16%, 0, 0, 3, 125.39, 144137, 13049
1960, 0, 178, 951, 545, 183, 0.16%, 0, 0, 3, 104.54, 144619, 13049
1965, 0, 504, 951, 543, 184, 0.16%, 0, 0, 3, 121.68, 144990, 13049
1970, 0, 335, 952, 543, 184, 0.16%, 0, 0, 3, 85.55, 145314, 13049
1975, 0, 335, 952, 543, 184, 0.16%, 0, 0, 3, 83.96, 145730, 13049
1981, 0, 219, 952, 543, 184, 0.16%, 0, 0, 3, 57.29, 145986, 13049
1986, 0, 526, 952, 542, 183, 0.16%, 0, 0, 3, 6.77, 146303, 13049
1991, 0, 372, 952, 540, 181, 0.16%, 0, 0, 3, 82.85, 146756, 13049
1996, 0, 520, 952, 538, 179, 0.16%, 0, 0, 3, 97.64, 147287, 13049
2001, 0, 930, 952, 536, 177, 0.16%, 0, 0, 3, 96.22, 147744, 13049
2006, 0, 930, 955, 539, 177, 0.16%, 0, 0, 3, 95.77, 148159, 13054
2012, 0, 355, 955, 538, 176, 0.16%, 0, 0, 3, 3.09, 148528, 13054
2017, 0, 51, 957, 539, 175, 0.16%, 0, 0, 3, 113.42, 149063, 13054
2023, 0, 509, 957, 538, 175, 0.16%, 0, 0, 3, 3.75, 149345, 13054
2028, 0, 839, 957, 536, 173, 0.16%, 0, 0, 3, 127.89, 149779, 13054
2033, 0, 229, 959, 537, 172, 0.16%, 0, 0, 3, 100.51, 150214, 13055
2038, 0, 755, 959, 536, 172, 0.16%, 0, 0, 3, 133.16, 150535, 13055
2043, 0, 67, 959, 535, 171, 0.16%, 0, 0, 3, 30.71, 150828, 13055
2049, 0, 645, 960, 534, 169, 0.16%, 0, 0, 3, 59.89, 151179, 13055
2054, 0, 849, 960, 533, 168, 0.16%, 0, 0, 3, 84.33, 151603, 13055
2059, 0, 385, 960, 532, 167, 0.16%, 0, 0, 3, 58.18, 152007, 13055
2064, 0, 791, 960, 530, 165, 0.16%, 0, 0, 3, 98.58, 152546, 13055
2069, 0, 350, 960, 528, 163, 0.16%, 0, 0, 3, 94.57, 153042, 13055
2074, 0, 898, 960, 526, 161, 0.16%, 0, 0, 3, 113.79, 153442, 13055
2079, 0, 935, 960, 525, 160, 0.16%, 0, 0, 3, 121.63, 153894, 13055
2084, 0, 376, 960, 524, 159, 0.16%, 0, 0, 3, 93.82, 154196, 13055
2089, 0, 463, 960, 522, 157, 0.16%, 0, 0, 3, 101.71, 154598, 13055
2094, 0, 424, 960, 521, 156, 0.16%, 0, 0, 3, 58.82, 154921, 13055
2099, 0, 764, 960, 520, 155, 0.16%, 0, 0, 3, 69.40, 155248, 13055
2104, 0, 579, 961, 521, 155, 0.16%, 0, 0, 3, 118.55, 155561, 13055
2110, 0, 618, 961, 519, 153, 0.16%, 0, 0, 3, 139.89, 156025, 13055
2115, 0, 570, 961, 517, 151, 0.16%, 0, 0, 3, 116.25, 156552, 13055
2121, 0, 915, 962, 516, 150, 0.16%, 0, 0, 3, 1.57, 157007, 13055
2126, 0, 469, 963, 516, 149, 0.16%, 0, 0, 3, 131.31, 157481, 13055
2131, 0, 145, 963, 515, 148, 0.16%, 0, 0, 3, 51.43, 157792, 13055
2136, 0, 576, 963, 514, 147, 0.16%, 0, 0, 3, 73.47, 158100, 13055
2142, 0, 500, 963, 512, 145, 0.16%, 0, 0, 3, 3.85, 158518, 13055
2147, 0, 336, 963, 511, 144, 0.16%, 0, 0, 3, 108.37, 158890, 13055
2152, 0, 394, 963, 509, 142, 0.16%, 0, 0, 3, 102.48, 159358, 13055
2157, 0, 298, 964, 508, 140, 0.16%, 0, 0, 3, 95.47, 159841, 13055
2162, 0, 239, 964, 507, 139, 0.16%, 0, 0, 3, 59.09, 160135, 13055
2167, 0, 346, 964, 506, 138, 0.16%, 0, 0, 3, 82.38, 160577, 13055
2172, 0, 370, 964, 504, 136, 0.16%, 0, 0, 3, 55.70, 160993, 13055
2178, 0, 445, 964, 503, 135, 0.16%, 0, 0, 3, 86.86, 161456, 13055
2183, 0, 661, 964, 501, 133, 0.16%, 0, 0, 3, 94.24, 161922, 13055
2188, 0, 531, 965, 501, 132, 0.16%, 0, 0, 3, 104.98, 162441, 13055
2193, 0, 531, 965, 501, 132, 0.16%, 0, 0, 3, 114.76, 163061, 13055
2198, 0, 150, 965, 501, 132, 0.16%, 0, 0, 3, 87.04, 163475, 13055
2203, 0, 530, 965, 500, 131, 0.16%, 0, 0, 3, 124.35, 163765, 13055
2208, 0, 791, 965, 499, 130, 0.16%, 0, 0, 3, 79.33, 164112, 13055
2213, 0, 791, 965, 499, 130, 0.16%, 0, 0, 3, 73.02, 164562, 13055
2218, 0, 416, 965, 498, 129, 0.16%, 0, 0, 3, 100.71, 165099, 13055
2224, 0, 307, 965, 496, 127, 0.16%, 0, 0, 3, 95.38, 165555, 13055
2229, 0, 105, 965, 494, 125, 0.16%, 0, 0, 3, 99.37, 166091, 13055
2234, 0, 864, 965, 492, 123, 0.16%, 0, 0, 3, 93.05, 166547, 13055
2239, 0, 864, 966, 493, 123, 0.16%, 0, 0, 4, 67.74, 166875, 13055
2244, 0, 864, 966, 493, 123, 0.16%, 0, 0, 4, 89.38, 167372, 13055
2249, 0, 724, 968, 495, 123, 0.16%, 0, 0, 4, 103.71, 167693, 13069
2254, 0, 154, 968, 494, 122, 0.16%, 0, 0, 4, 84.74, 168092, 13069
2259, 0, 154, 968, 494, 122, 0.16%, 0, 0, 4, 5.08, 168285, 13069
2265, 0, 628, 968, 492, 120, 0.16%, 0, 0, 4, 140.78, 168765, 13069
2270, 0, 923, 968, 490, 118, 0.16%, 0, 0, 4, 103.72, 169263, 13069
2275, 0, 398, 968, 489, 117, 0.16%, 0, 0, 4, 144.28, 169560, 13069
2280, 0, 398, 968, 489, 117, 0.16%, 0, 0, 4, 10.83, 169952, 13069
2285, 0, 606, 968, 489, 117, 0.16%, 0, 0, 4, 112.33, 170407, 13069
2290, 0, 703, 968, 487, 115, 0.16%, 0, 0, 4, 95.24, 170864, 13069
2296, 0, 280, 968, 485, 113, 0.16%, 0, 0, 4, 96.34, 171335, 13069
2301, 0, 564, 968, 484, 112, 0.16%, 0, 0, 4, 90.36, 171735, 13069
2306, 0, 210, 968, 482, 110, 0.16%, 0, 0, 4, 101.28, 172250, 13069
2311, 0, 205, 968, 480, 108, 0.16%, 0, 0, 4, 103.07, 172746, 13069
2316, 0, 722, 969, 479, 107, 0.16%, 0, 0, 4, 134.54, 173092, 13071
2321, 0, 674, 969, 478, 106, 0.16%, 0, 0, 4, 109.54, 173593, 13071
2326, 0, 860, 969, 477, 105, 0.16%, 0, 0, 4, 119.63, 173976, 13071
2331, 0, 495, 969, 476, 104, 0.16%, 0, 0, 4, 112.85, 174539, 13071
2336, 0, 415, 969, 475, 103, 0.16%, 0, 0, 4, 106.98, 175001, 13071
2341, 0, 56, 969, 474, 102, 0.16%, 0, 0, 4, 101.94, 175460, 13071
2346, 0, 56, 969, 474, 102, 0.16%, 0, 0, 4, 81.87, 175859, 13071
2352, 0, 761, 969, 473, 102, 0.16%, 0, 0, 4, 108.85, 176110, 13071
2357, 0, 508, 969, 471, 100, 0.16%, 0, 0, 4, 113.55, 176675, 13071
2362, 0, 643, 969, 470, 99, 0.16%, 0, 0, 4, 88.42, 177069, 13071
2367, 0, 282, 969, 468, 97, 0.16%, 0, 0, 4, 101.17, 177578, 13071
2372, 0, 835, 969, 466, 95, 0.16%, 0, 0, 4, 96.80, 178065, 13071
2377, 0, 880, 969, 464, 93, 0.16%, 0, 0, 4, 116.89, 178471, 13071
2382, 0, 713, 969, 463, 92, 0.16%, 0, 0, 4, 93.40, 178847, 13071
2388, 0, 818, 969, 461, 90, 0.16%, 0, 0, 4, 7.63, 179268, 13071
2393, 0, 818, 969, 461, 90, 0.16%, 0, 0, 4, 7.58, 179310, 13071
2398, 0, 818, 969, 461, 90, 0.16%, 0, 0, 4, 8.97, 179359, 13071
2403, 0, 818, 969, 461, 90, 0.16%, 0, 0, 4, 7.06, 179382, 13071
2408, 0, 818, 969, 461, 90, 0.16%, 0, 0, 4, 4.71, 179426, 13071
2413, 0, 708, 969, 460, 89, 0.16%, 0, 0, 4, 107.99, 179650, 13071
2419, 0, 368, 969, 459, 88, 0.16%, 0, 0, 4, 28.80, 179916, 13071
2424, 0, 249, 969, 458, 87, 0.16%, 0, 0, 4, 80.22, 180366, 13071
2429, 0, 249, 969, 458, 87, 0.16%, 0, 0, 4, 53.66, 180703, 13071
2434, 0, 603, 969, 457, 86, 0.16%, 0, 0, 4, 131.93, 181071, 13071
2439, 0, 160, 969, 456, 85, 0.16%, 0, 0, 4, 105.76, 181520, 13071
2444, 0, 581, 969, 454, 83, 0.16%, 0, 0, 4, 89.00, 181933, 13071
2449, 0, 900, 969, 452, 81, 0.16%, 0, 0, 4, 137.61, 182413, 13071
2454, 0, 577, 969, 451, 80, 0.16%, 0, 0, 4, 115.09, 182910, 13071
2459, 0, 113, 971, 452, 79, 0.16%, 0, 0, 4, 92.64, 183292, 13076
2464, 0, 113, 972, 453, 79, 0.16%, 0, 0, 4, 90.02, 183711, 13078
2469, 0, 113, 972, 453, 79, 0.16%, 0, 0, 4, 114.55, 184192, 13078
2475, 0, 113, 972, 453, 79, 0.16%, 0, 0, 4, 83.97, 184575, 13078
2480, 0, 113, 972, 453, 79, 0.16%, 0, 0, 4, 71.70, 184922, 13078
2485, 0, 113, 972, 453, 79, 0.16%, 0, 0, 4, 94.57, 185438, 13078
2490, 0, 113, 972, 453, 82, 0.16%, 0, 0, 4, 81.22, 185762, 13078
2495, 0, 552, 972, 452, 81, 0.16%, 0, 0, 4, 55.84, 186117, 13078
2500, 0, 552, 972, 452, 81, 0.16%, 0, 0, 4, 5.12, 186505, 13078
2505, 0, 665, 972, 451, 80, 0.16%, 0, 0, 4, 91.53, 186991, 13078
2510, 0, 586, 972, 449, 78, 0.16%, 0, 0, 4, 108.93, 187548, 13078
2515, 0, 720, 973, 448, 76, 0.16%, 0, 0, 4, 101.60, 188035, 13078
2520, 0, 233, 973, 447, 76, 0.16%, 0, 0, 4, 35.04, 188374, 13078
2525, 0, 233, 975, 449, 76, 0.16%, 0, 0, 4, 10.20, 188669, 13097
2530, 0, 233, 976, 450, 76, 0.16%, 0, 0, 4, 83.85, 189016, 13111
2536, 0, 233, 976, 450, 76, 0.16%, 0, 0, 4, 42.51, 189254, 13111
2541, 0, 233, 976, 450, 76, 0.16%, 0, 0, 4, 55.14, 189536, 13111
2546, 0, 233, 977, 451, 76, 0.16%, 0, 0, 4, 55.78, 189794, 13111
2551, 0, 233, 978, 452, 76, 0.16%, 0, 0, 4, 71.51, 190115, 13116
2556, 0, 233, 979, 453, 76, 0.16%, 0, 0, 4, 45.30, 190440, 13123
2561, 0, 233, 979, 453, 76, 0.16%, 0, 0, 4, 58.42, 190764, 13123
2566, 0, 233, 979, 453, 76, 0.16%, 0, 0, 4, 78.96, 191107, 13123
2571, 0, 233, 979, 453, 76, 0.16%, 0, 0, 4, 67.08, 191441, 13123
2577, 0, 233, 979, 453, 76, 0.16%, 0, 0, 4, 59.99, 191715, 13123
2582, 0, 233, 979, 453, 76, 0.16%, 0, 0, 4, 67.52, 191984, 13123
2587, 0, 233, 979, 453, 76, 0.16%, 0, 0, 4, 64.37, 192288, 13123
2592, 0, 233, 979, 453, 76, 0.16%, 0, 0, 4, 80.00, 192575, 13123
2597, 0, 233, 979, 453, 76, 0.16%, 0, 0, 4, 95.80, 193025, 13123
2602, 0, 503, 979, 452, 80, 0.16%, 0, 0, 4, 117.21, 193464, 13123
2607, 0, 973, 979, 451, 79, 0.16%, 0, 0, 4, 95.77, 193924, 13123
2612, 0, 419, 979, 449, 77, 0.16%, 0, 0, 4, 98.72, 194444, 13123
2618, 0, 570, 979, 449, 77, 0.16%, 0, 0, 4, 83.93, 194848, 13123
2623, 0, 570, 980, 450, 77, 0.16%, 0, 0, 4, 56.79, 195261, 13123
2629, 0, 760, 982, 452, 80, 0.16%, 0, 0, 4, 4.48, 195731, 13131
2634, 0, 176, 982, 451, 79, 0.16%, 0, 0, 4, 123.85, 196229, 13131
2639, 0, 558, 982, 449, 77, 0.16%, 0, 0, 4, 77.46, 196614, 13131
2644, 0, 978, 983, 449, 76, 0.16%, 0, 0, 4, 75.59, 197011, 13133
2649, 0, 726, 983, 448, 76, 0.16%, 0, 0, 4, 105.65, 197278, 13133
2654, 0, 772, 983, 446, 74, 0.16%, 0, 0, 4, 126.14, 197757, 13133
2659, 0, 156, 983, 444, 72, 0.16%, 0, 0, 4, 61.53, 198191, 13133
2664, 0, 955, 983, 443, 71, 0.16%, 0, 0, 4, 78.72, 198532, 13133
2669, 0, 970, 983, 441, 69, 0.16%, 0, 0, 4, 86.50, 199004, 13133
2675, 0, 87, 983, 440, 68, 0.16%, 0, 0, 4, 134.84, 199378, 13133
2680, 0, 981, 983, 438, 66, 0.16%, 0, 0, 4, 115.90, 199834, 13133
2685, 0, 968, 983, 437, 65, 0.16%, 0, 0, 4, 108.01, 200132, 13133
2690, 0, 730, 983, 436, 64, 0.16%, 0, 0, 4, 127.11, 200536, 13133
2695, 0, 775, 983, 436, 64, 0.16%, 0, 0, 4, 133.15, 200992, 13133
2700, 0, 437, 983, 436, 64, 0.16%, 0, 0, 4, 103.80, 201475, 13133
2705, 0, 971, 983, 434, 62, 0.16%, 0, 0, 4, 85.59, 201877, 13133
2710, 0, 432, 983, 432, 60, 0.16%, 0, 0, 4, 99.04, 202415, 13133
2715, 0, 432, 983, 432, 60, 0.16%, 0, 0, 4, 137.12, 202917, 13133
2720, 0, 783, 983, 432, 60, 0.16%, 0, 0, 4, 52.41, 203284, 13133
2726, 0, 745, 983, 431, 59, 0.16%, 0, 0, 4, 9.27, 203400, 13133
2731, 0, 745, 983, 431, 59, 0.16%, 0, 0, 4, 36.63, 203560, 13133
2736, 0, 489, 983, 430, 58, 0.16%, 0, 0, 4, 73.02, 203965, 13133
2741, 0, 342, 983, 429, 57, 0.16%, 0, 0, 4, 102.78, 204521, 13133
2746, 0, 260, 983, 427, 55, 0.16%, 0, 0, 4, 120.89, 204943, 13133
2751, 0, 260, 983, 427, 55, 0.16%, 0, 0, 4, 109.75, 205457, 13133
2757, 0, 778, 983, 426, 54, 0.16%, 0, 0, 4, 100.62, 205938, 13133
2762, 0, 982, 983, 425, 53, 0.16%, 0, 0, 4, 43.06, 206280, 13133
2767, 0, 494, 984, 425, 53, 0.16%, 0, 0, 4, 138.12, 206708, 13134
2772, 0, 494, 984, 425, 53, 0.16%, 0, 0, 4, 139.76, 207269, 13134
2777, 0, 594, 984, 425, 53, 0.16%, 0, 0, 4, 97.46, 207642, 13134
2782, 0, 983, 984, 424, 52, 0.16%, 0, 0, 4, 98.16, 208135, 13134
2787, 0, 683, 984, 423, 51, 0.16%, 0, 0, 4, 80.78, 208499, 13134
2793, 0, 146, 984, 423, 51, 0.16%, 0, 0, 4, 4.42, 208955, 13134
2798, 0, 146, 984, 423, 51, 0.16%, 0, 0, 4, 42.36, 209188, 13134
2803, 0, 705, 984, 422, 50, 0.16%, 0, 0, 4, 75.45, 209627, 13134
2808, 0, 765, 984, 421, 49, 0.16%, 0, 0, 4, 144.28, 210001, 13134
2814, 0, 641, 984, 421, 49, 0.16%, 0, 0, 4, 112.29, 210519, 13134
2819, 0, 633, 984, 421, 49, 0.16%, 0, 0, 4, 109.08, 211047, 13134
2824, 0, 448, 984, 421, 49, 0.16%, 0, 0, 4, 102.76, 211601, 13134
2829, 0, 418, 984, 421, 49, 0.16%, 0, 0, 4, 94.01, 212060, 13134
2834, 0, 591, 986, 422, 50, 0.16%, 0, 0, 4, 128.71, 212377, 13170
2839, 0, 753, 986, 420, 48, 0.16%, 0, 0, 4, 104.03, 212875, 13170
2844, 0, 719, 986, 420, 48, 0.16%, 0, 0, 4, 110.31, 213372, 13170
2849, 0, 248, 986, 418, 46, 0.16%, 0, 0, 4, 118.18, 213889, 13170
2855, 0, 765, 986, 417, 45, 0.16%, 0, 0, 4, 56.96, 214161, 13170
2860, 0, 765, 986, 417, 45, 0.16%, 0, 0, 4, 82.42, 214623, 13170
2865, 0, 985, 986, 416, 44, 0.16%, 0, 0, 4, 3.04, 214973, 13170
2870, 0, 972, 986, 415, 43, 0.16%, 0, 0, 4, 118.39, 215309, 13170
2875, 0, 972, 986, 415, 43, 0.16%, 0, 0, 4, 92.58, 215775, 13170
2881, 0, 401, 986, 414, 42, 0.16%, 0, 0, 4, 101.61, 216305, 13170
2886, 0, 401, 986, 414, 42, 0.16%, 0, 0, 4, 92.09, 216758, 13170
2891, 0, 716, 986, 414, 42, 0.16%, 0, 0, 4, 95.39, 217252, 13170
2896, 0, 366, 986, 414, 42, 0.16%, 0, 0, 4, 124.47, 217689, 13170
2901, 0, 974, 986, 413, 41, 0.16%, 0, 0, 4, 7.63, 217976, 13170
2906, 0, 970, 986, 411, 39, 0.16%, 0, 0, 4, 83.38, 218417, 13170
2911, 0, 343, 986, 411, 39, 0.16%, 0, 0, 4, 86.99, 218844, 13170
2916, 0, 837, 986, 410, 38, 0.16%, 0, 0, 4, 69.07, 219274, 13170
2921, 0, 961, 986, 408, 36, 0.16%, 0, 0, 4, 96.85, 219813, 13170
2927, 0, 765, 986, 407, 35, 0.16%, 0, 0, 4, 19.99, 220257, 13170
2932, 0, 568, 986, 407, 35, 0.16%, 0, 0, 4, 20.07, 220704, 13170
2937, 0, 646, 986, 406, 34, 0.16%, 0, 0, 4, 105.32, 221173, 13170
2942, 0, 421, 986, 406, 34, 0.16%, 0, 0, 4, 96.42, 221637, 13170
2947, 0, 421, 986, 406, 34, 0.16%, 0, 0, 4, 135.99, 222083, 13170
2952, 0, 136, 986, 406, 34, 0.16%, 0, 0, 4, 77.13, 222519, 13170
2957, 0, 99, 992, 411, 33, 0.16%, 0, 0, 4, 82.07, 222897, 13172
2962, 0, 99, 992, 411, 33, 0.16%, 0, 0, 4, 98.66, 223414, 13172
2967, 0, 99, 994, 413, 33, 0.16%, 0, 0, 4, 106.64, 223896, 13172
2972, 0, 99, 995, 414, 33, 0.16%, 0, 0, 4, 96.91, 224326, 13173
2977, 0, 99, 995, 414, 33, 0.16%, 0, 0, 4, 125.95, 224868, 13173
2983, 0, 99, 995, 414, 33, 0.16%, 0, 0, 4, 113.49, 225358, 13173
2988, 0, 99, 995, 414, 33, 0.16%, 0, 0, 4, 7.63, 225830, 13173
2993, 0, 99, 995, 414, 33, 0.16%, 0, 0, 4, 122.14, 226396, 13173
2998, 0, 99, 995, 414, 33, 0.16%, 0, 0, 4, 114.35, 226940, 13173
3003, 0, 99, 995, 414, 33, 0.16%, 0, 0, 4, 60.28, 227454, 13173
3008, 0, 551, 995, 413, 32, 0.16%, 0, 0, 4, 97.17, 227845, 13173
3013, 0, 689, 996, 413, 31, 0.16%, 0, 0, 4, 84.52, 228254, 13173
3018, 0, 387, 996, 411, 30, 0.16%, 0, 0, 4, 36.87, 228552, 13173
3023, 0, 428, 996, 410, 29, 0.16%, 0, 0, 4, 85.53, 229051, 13173
3028, 0, 428, 996, 410, 29, 0.16%, 0, 0, 4, 7.65, 229451, 13173
3034, 0, 255, 996, 410, 29, 0.16%, 0, 0, 4, 126.10, 229891, 13173
3039, 0, 255, 996, 410, 29, 0.16%, 0, 0, 4, 82.33, 230195, 13173
3044, 0, 980, 996, 410, 29, 0.16%, 0, 0, 4, 123.90, 230638, 13173
3049, 0, 67, 996, 409, 28, 0.16%, 0, 0, 4, 49.54, 230926, 13173
3054, 0, 67, 996, 409, 28, 0.16%, 0, 0, 4, 33.52, 231140, 13173
3059, 0, 67, 996, 409, 28, 0.16%, 0, 0, 4, 15.81, 231383, 13173
3064, 0, 67, 996, 409, 28, 0.16%, 0, 0, 4, 40.47, 231623, 13173
3069, 0, 471, 996, 409, 28, 0.16%, 0, 0, 4, 56.38, 231898, 13173
3075, 0, 471, 998, 411, 28, 0.16%, 0, 0, 4, 7.52, 232358, 13173
3080, 0, 602, 998, 411, 30, 0.16%, 0, 0, 4, 123.20, 232765, 13173
3085, 0, 695, 999, 412, 30, 0.16%, 0, 0, 4, 101.21, 233240, 13174
3090, 0, 695, 999, 412, 30, 0.16%, 0, 0, 4, 96.17, 233722, 13174
3095, 0, 800, 999, 412, 31, 0.16%, 0, 0, 4, 8.45, 234029, 13174
3100, 0, 800, 999, 412, 31, 0.16%, 0, 0, 4, 28.87, 234081, 13174
3106, 0, 800, 999, 412, 31, 0.16%, 0, 0, 4, 6.46, 234119, 13174
3112, 0, 800, 1000, 413, 31, 0.16%, 0, 0, 4, 9.26, 234181, 13176
3118, 0, 800, 1000, 413, 31, 0.16%, 0, 0, 4, 8.05, 234217, 13176
3123, 0, 996, 1000, 412, 30, 0.16%, 0, 0, 4, 65.87, 234392, 13176
3128, 0, 995, 1000, 411, 29, 0.16%, 0, 0, 4, 87.59, 234761, 13176
3133, 0, 997, 1000, 410, 28, 0.16%, 0, 0, 4, 138.10, 235053, 13176
3138, 0, 629, 1000, 408, 26, 0.16%, 0, 0, 4, 99.55, 235385, 13176
3143, 0, 629, 1000, 408, 26, 0.16%, 0, 0, 4, 100.32, 235878, 13176
3148, 0, 754, 1000, 408, 26, 0.16%, 0, 0, 4, 116.17, 236342, 13176
3154, 0, 417, 1000, 408, 26, 0.16%, 0, 0, 4, 68.84, 236590, 13176
3159, 0, 934, 1001, 408, 25, 0.16%, 0, 0, 4, 82.20, 236983, 13177
3164, 0, 488, 1001, 407, 24, 0.16%, 0, 0, 4, 79.66, 237366, 13177
3169, 0, 92, 1001, 405, 22, 0.16%, 0, 0, 4, 93.16, 237818, 13177
3174, 0, 92, 1001, 405, 22, 0.16%, 0, 0, 4, 106.63, 238375, 13177
3179, 0, 716, 1001, 405, 22, 0.16%, 0, 0, 4, 96.30, 238857, 13177
3184, 0, 893, 1001, 405, 22, 0.16%, 0, 0, 4, 89.48, 239292, 13177
3190, 0, 1001, 1002, 405, 22, 0.16%, 0, 0, 4, 5.92, 239541, 13177
3196, 0, 224, 1003, 405, 22, 0.16%, 0, 0, 5, 1.53, 239835, 13186
3201, 0, 224, 1003, 405, 22, 0.16%, 0, 0, 5, 52.25, 240099, 13186
3207, 0, 224, 1003, 405, 22, 0.16%, 0, 0, 5, 42.70, 240365, 13186
3212, 0, 716, 1003, 405, 22, 0.16%, 0, 0, 5, 55.81, 240617, 13186
3217, 0, 555, 1003, 405, 22, 0.16%, 0, 0, 5, 74.91, 241013, 13186
3222, 0, 981, 1003, 405, 22, 0.16%, 0, 0, 5, 113.64, 241543, 13186
3227, 0, 981, 1003, 405, 22, 0.16%, 0, 0, 5, 91.52, 241963, 13186
3232, 0, 753, 1003, 405, 22, 0.16%, 0, 0, 5, 93.24, 242440, 13186
3237, 0, 252, 1003, 405, 22, 0.16%, 0, 0, 5, 21.37, 242876, 13186
3243, 0, 322, 1003, 405, 22, 0.16%, 0, 0, 5, 93.45, 243234, 13186
3248, 0, 322, 1004, 406, 22, 0.16%, 0, 0, 5, 82.86, 243623, 13186
3253, 0, 310, 1005, 407, 22, 0.16%, 0, 0, 5, 105.82, 244195, 13194
3258, 0, 310, 1006, 408, 22, 0.16%, 0, 0, 5, 73.83, 244511, 13196
3263, 0, 972, 1008, 410, 24, 0.16%, 0, 0, 5, 109.78, 244817, 13200
3268, 0, 573, 1009, 411, 26, 0.16%, 0, 0, 5, 78.14, 245223, 13201
3273, 0, 661, 1009, 411, 26, 0.16%, 0, 0, 5, 97.94, 245726, 13201
3278, 0, 661, 1009, 411, 26, 0.16%, 0, 0, 5, 123.15, 246127, 13201
3284, 0, 372, 1009, 411, 26, 0.16%, 0, 0, 5, 67.52, 246513, 13201
3289, 0, 372, 1009, 411, 26, 0.16%, 0, 0, 5, 85.76, 246938, 13201
3294, 0, 284, 1009, 411, 26, 0.16%, 0, 0, 5, 14.55, 247346, 13201
3299, 0, 284, 1009, 411, 26, 0.16%, 0, 0, 5, 67.95, 247675, 13201
3304, 0, 284, 1009, 411, 26, 0.16%, 0, 0, 5, 79.12, 248105, 13201
3309, 0, 998, 1009, 411, 26, 0.16%, 0, 0, 5, 91.59, 248588, 13201
3314, 0, 1008, 1009, 410, 25, 0.16%, 0, 0, 5, 84.42, 248979, 13201
3319, 0, 837, 1009, 409, 24, 0.16%, 0, 0, 5, 125.32, 249273, 13201
3325, 0, 59, 1011, 411, 24, 0.16%, 0, 0, 5, 92.53, 249679, 13207
3330, 0, 59, 1012, 412, 24, 0.16%, 0, 0, 5, 112.68, 250276, 13209
3335, 0, 59, 1012, 412, 24, 0.16%, 0, 0, 5, 91.43, 250721, 13209
3340, 0, 59, 1012, 412, 24, 0.16%, 0, 0, 5, 142.86, 251237, 13209
3346, 0, 544, 1012, 412, 27, 0.16%, 0, 0, 5, 18.11, 251629, 13209
3351, 0, 544, 1012, 412, 27, 0.16%, 0, 0, 5, 20.18, 252050, 13209
3357, 0, 361, 1013, 413, 27, 0.16%, 0, 0, 5, 107.29, 252495, 13276
3362, 0, 790, 1013, 413, 28, 0.16%, 0, 0, 5, 5.89, 252839, 13276
3367, 0, 790, 1013, 413, 28, 0.16%, 0, 0, 5, 51.54, 253081, 13276
3372, 0, 790, 1013, 413, 28, 0.16%, 0, 0, 5, 83.85, 253519, 13276
3377, 0, 554, 1014, 413, 27, 0.16%, 0, 0, 5, 7.81, 253946, 13277
3382, 0, 554, 1014, 413, 27, 0.16%, 0, 0, 5, 104.37, 254393, 13277
3387, 0, 554, 1014, 413, 27, 0.16%, 0, 0, 5, 131.32, 254820, 13277
3392, 0, 574, 1014, 412, 26, 0.16%, 0, 0, 5, 121.16, 255396, 13277
3397, 0, 574, 1014, 412, 26, 0.16%, 0, 0, 5, 136.04, 255829, 13277
3403, 0, 331, 1015, 413, 26, 0.16%, 0, 0, 5, 103.81, 256274, 13282
3408, 0, 81, 1016, 414, 27, 0.16%, 0, 0, 5, 40.91, 256399, 13283
3413, 0, 81, 1016, 414, 27, 0.16%, 1, 0, 5, 12.35, 256590, 13283
3418, 0, 81, 1016, 414, 27, 0.16%, 1, 0, 5, 35.87, 256791, 13283
3423, 0, 81, 1016, 414, 27, 0.16%, 1, 0, 5, 46.47, 257045, 13283
3428, 0, 169, 1018, 416, 27, 0.16%, 1, 0, 5, 88.18, 257316, 13286
3433, 0, 169, 1018, 416, 27, 0.16%, 1, 0, 5, 115.35, 257888, 13286
3438, 0, 169, 1018, 416, 27, 0.16%, 1, 0, 5, 108.48, 258444, 13286
3443, 0, 169, 1019, 417, 27, 0.16%, 1, 0, 5, 112.97, 259033, 13287
3449, 0, 169, 1019, 417, 27, 0.16%, 1, 0, 5, 114.39, 259615, 13287
3454, 0, 169, 1019, 417, 27, 0.16%, 1, 0, 5, 119.48, 260227, 13287
3459, 0, 169, 1019, 417, 27, 0.16%, 1, 0, 5, 108.26, 260727, 13287
3464, 0, 169, 1019, 417, 27, 0.16%, 1, 0, 5, 110.49, 261317, 13287
3469, 0, 169, 1020, 418, 27, 0.16%, 1, 0, 5, 103.10, 261787, 13287
3474, 0, 169, 1020, 418, 27, 0.16%, 1, 0, 5, 7.96, 261923, 13287
3479, 0, 221, 1020, 418, 29, 0.16%, 2, 0, 5, 29.32, 262021, 13287
3485, 0, 221, 1020, 418, 29, 0.16%, 2, 0, 5, 46.30, 262294, 13287
3490, 0, 221, 1020, 418, 29, 0.16%, 3, 0, 5, 17.23, 262538, 13287
3495, 0, 1017, 1021, 419, 29, 0.16%, 3, 0, 5, 96.84, 262967, 13287
3500, 0, 263, 1021, 418, 28, 0.16%, 3, 0, 5, 92.15, 263450, 13287
3505, 0, 484, 1021, 418, 28, 0.16%, 3, 0, 5, 98.44, 263916, 13287
3510, 0, 284, 1021, 417, 27, 0.16%, 3, 0, 5, 81.01, 264323, 13287
3516, 0, 284, 1022, 418, 27, 0.16%, 3, 0, 5, 80.14, 264680, 13355
3521, 0, 284, 1023, 419, 27, 0.16%, 3, 0, 5, 88.60, 265142, 13355
3527, 0, 135, 1023, 418, 27, 0.16%, 3, 0, 5, 2.23, 265464, 13355
3532, 0, 479, 1024, 418, 27, 0.16%, 3, 0, 5, 20.18, 265772, 13355
3537, 0, 479, 1024, 418, 27, 0.16%, 3, 0, 5, 69.74, 266207, 13355
3542, 0, 479, 1024, 418, 27, 0.16%, 3, 0, 5, 82.67, 266660, 13355
3547, 0, 765, 1025, 419, 27, 0.16%, 3, 0, 5, 77.34, 267058, 13355
3553, 0, 1021, 1028, 422, 27, 0.16%, 3, 0, 5, 76.72, 267455, 13374
3558, 0, 1025, 1028, 421, 27, 0.16%, 3, 0, 5, 118.02, 267809, 13374
3563, 0, 358, 1028, 419, 26, 0.16%, 3, 0, 5, 115.86, 268226, 13374
3568, 0, 527, 1028, 418, 25, 0.16%, 3, 0, 5, 74.03, 268561, 13374
3573, 0, 527, 1028, 418, 25, 0.16%, 3, 0, 5, 111.94, 268932, 13374
3578, 0, 582, 1031, 421, 25, 0.16%, 3, 0, 5, 101.72, 269462, 13376
3583, 0, 582, 1031, 421, 25, 0.16%, 3, 0, 5, 87.91, 269957, 13376
3588, 0, 582, 1032, 422, 25, 0.16%, 3, 0, 5, 130.16, 270531, 13377
3594, 0, 582, 1032, 422, 25, 0.16%, 3, 0, 5, 109.12, 271025, 13377
3599, 0, 582, 1032, 422, 25, 0.16%, 3, 0, 5, 125.76, 271533, 13377
3604, 0, 582, 1032, 422, 25, 0.16%, 3, 0, 5, 103.73, 272031, 13377
3609, 0, 582, 1032, 422, 25, 0.16%, 3, 0, 5, 93.67, 272473, 13377
3614, 0, 582, 1032, 422, 25, 0.16%, 3, 0, 5, 131.94, 273053, 13377
3619, 0, 582, 1032, 422, 25, 0.16%, 3, 0, 5, 63.78, 273526, 13377
3624, 0, 582, 1032, 422, 25, 0.16%, 3, 0, 5, 122.62, 274005, 13377
3629, 0, 582, 1032, 422, 25, 0.16%, 3, 0, 5, 112.21, 274559, 13377
3634, 0, 582, 1032, 422, 25, 0.16%, 3, 0, 5, 104.62, 275091, 13377
