# relative_time, cycles_done, cur_item, corpus_count, pending_total, pending_favs, map_size, saved_crashes, saved_hangs, max_depth, execs_per_sec, total_execs, edges_found
61, 0, 0, 47, 47, 1, 0.02%, 0, 0, 2, 137.35, 5153, 1880
66, 0, 0, 47, 47, 1, 0.02%, 0, 0, 2, 120.12, 5627, 1880
72, 0, 0, 47, 47, 1, 0.02%, 0, 0, 2, 112.41, 6121, 1880
77, 0, 0, 47, 47, 1, 0.02%, 0, 0, 2, 111.36, 6568, 1880
82, 0, 0, 48, 48, 1, 0.02%, 0, 0, 2, 100.73, 7057, 1882
88, 0, 0, 60, 59, 0, 0.06%, 0, 0, 2, 11.91, 7248, 4785
93, 0, 0, 79, 78, 0, 0.08%, 0, 0, 2, 51.80, 7456, 6655
99, 0, 0, 106, 105, 0, 0.08%, 0, 0, 2, 54.13, 7722, 6955
104, 0, 0, 121, 120, 0, 0.08%, 0, 0, 2, 47.57, 7909, 7116
109, 0, 0, 151, 150, 0, 0.09%, 0, 0, 2, 54.54, 8193, 7339
115, 0, 0, 168, 167, 0, 0.10%, 0, 0, 2, 46.75, 8384, 8180
120, 0, 0, 187, 186, 0, 0.10%, 0, 0, 2, 45.49, 8576, 8399
125, 0, 0, 206, 205, 0, 0.10%, 0, 0, 2, 47.49, 8772, 8645
131, 0, 0, 215, 214, 0, 0.10%, 0, 0, 2, 5.58, 8881, 8728
136, 0, 0, 238, 237, 0, 0.11%, 0, 0, 2, 57.29, 9105, 8923
141, 0, 0, 256, 255, 0, 0.11%, 0, 0, 2, 69.89, 9274, 9029
147, 0, 0, 277, 276, 0, 0.11%, 0, 0, 2, 56.10, 9491, 9154
152, 0, 0, 305, 304, 0, 0.11%, 0, 0, 2, 56.61, 9746, 9384
157, 0, 0, 332, 331, 0, 0.11%, 0, 0, 2, 64.52, 9985, 9499
162, 0, 0, 355, 354, 0, 0.11%, 0, 0, 2, 57.74, 10214, 9581
167, 0, 0, 374, 373, 0, 0.11%, 0, 0, 2, 57.45, 10387, 9635
172, 0, 0, 390, 389, 0, 0.12%, 0, 0, 2, 51.44, 10548, 9690
177, 0, 0, 424, 423, 0, 0.12%, 0, 0, 2, 57.32, 10851, 9843
182, 0, 0, 455, 454, 0, 0.12%, 0, 0, 2, 58.15, 11131, 10035
187, 0, 0, 483, 482, 0, 0.12%, 0, 0, 2, 56.50, 11388, 10277
193, 0, 0, 503, 502, 0, 0.12%, 0, 0, 2, 50.53, 11594, 10360
198, 0, 0, 521, 520, 0, 0.12%, 0, 0, 2, 47.91, 11796, 10468
203, 0, 0, 548, 547, 0, 0.13%, 0, 0, 2, 51.75, 12038, 10744
208, 0, 0, 564, 563, 0, 0.13%, 0, 0, 2, 46.17, 12202, 10785
214, 0, 0, 578, 577, 0, 0.13%, 0, 0, 2, 40.88, 12384, 10914
219, 0, 0, 600, 599, 0, 0.13%, 0, 0, 2, 47.58, 12620, 10992
225, 0, 0, 630, 629, 0, 0.13%, 0, 0, 2, 51.60, 12887, 11070
230, 0, 0, 644, 643, 0, 0.13%, 0, 0, 2, 45.52, 13051, 11149
235, 0, 0, 672, 671, 0, 0.13%, 0, 0, 2, 52.64, 13312, 11294
241, 0, 0, 696, 695, 0, 0.14%, 0, 0, 2, 51.62, 13560, 11361
246, 0, 0, 714, 713, 0, 0.14%, 0, 0, 2, 44.89, 13731, 11394
251, 0, 0, 736, 735, 0, 0.14%, 0, 0, 2, 7.21, 13944, 11459
257, 0, 0, 750, 749, 0, 0.14%, 0, 0, 2, 57.38, 14103, 11512
262, 0, 0, 765, 764, 0, 0.14%, 0, 0, 2, 51.20, 14277, 11525
267, 0, 0, 780, 779, 0, 0.14%, 0, 0, 2, 10.68, 14435, 11531
272, 0, 0, 792, 791, 0, 0.14%, 0, 0, 2, 10.73, 14542, 11534
277, 0, 0, 802, 801, 0, 0.14%, 0, 0, 2, 20.86, 14730, 11558
282, 0, 755, 804, 803, 519, 0.14%, 0, 0, 2, 56.38, 14856, 11559
288, 0, 723, 807, 805, 520, 0.14%, 0, 0, 2, 57.45, 15077, 11561
293, 0, 659, 807, 804, 519, 0.14%, 0, 0, 2, 99.81, 15584, 11561
298, 0, 726, 807, 802, 517, 0.14%, 0, 0, 2, 100.81, 16087, 11561
303, 0, 88, 807, 801, 516, 0.14%, 0, 0, 2, 22.45, 16461, 11561
308, 0, 31, 808, 800, 514, 0.14%, 0, 0, 2, 35.95, 16832, 11561
313, 0, 559, 809, 800, 513, 0.14%, 0, 0, 2, 15.18, 17204, 11561
319, 0, 565, 809, 798, 511, 0.14%, 0, 0, 2, 87.86, 17634, 11561
324, 0, 492, 811, 798, 510, 0.14%, 0, 0, 2, 15.71, 18122, 11579
330, 0, 193, 811, 797, 509, 0.14%, 0, 0, 2, 119.44, 18560, 11579
335, 0, 504, 811, 795, 507, 0.14%, 0, 0, 2, 101.97, 19031, 11579
340, 0, 375, 811, 793, 505, 0.14%, 0, 0, 2, 99.55, 19507, 11579
345, 0, 510, 811, 792, 504, 0.14%, 0, 0, 2, 131.94, 19981, 11579
350, 0, 301, 811, 789, 501, 0.14%, 0, 0, 2, 123.49, 20582, 11579
355, 0, 623, 811, 788, 500, 0.14%, 0, 0, 2, 133.28, 20958, 11579
360, 0, 331, 811, 786, 498, 0.14%, 0, 0, 2, 52.70, 21403, 11579
365, 0, 62, 812, 786, 497, 0.14%, 0, 0, 2, 87.09, 21886, 11579
370, 0, 802, 812, 784, 495, 0.14%, 0, 0, 2, 100.87, 22428, 11579
376, 0, 99, 812, 782, 493, 0.14%, 0, 0, 2, 122.61, 22893, 11579
381, 0, 68, 813, 782, 492, 0.14%, 0, 0, 2, 134.85, 23263, 11580
386, 0, 658, 813, 780, 491, 0.14%, 0, 0, 2, 113.17, 23663, 11580
391, 0, 350, 814, 780, 490, 0.14%, 0, 0, 2, 36.64, 24075, 11580
396, 0, 355, 814, 778, 488, 0.14%, 0, 0, 2, 90.87, 24580, 11580
401, 0, 464, 814, 776, 486, 0.14%, 0, 0, 2, 132.91, 25041, 11580
406, 0, 795, 814, 774, 484, 0.14%, 0, 0, 2, 110.88, 25607, 11580
412, 0, 555, 814, 773, 483, 0.14%, 0, 0, 2, 8.23, 26004, 11580
417, 0, 745, 814, 771, 481, 0.14%, 0, 0, 2, 15.89, 26304, 11580
422, 0, 745, 814, 771, 481, 0.14%, 0, 0, 2, 14.84, 26374, 11580
427, 0, 745, 814, 771, 481, 0.14%, 0, 0, 2, 14.22, 26445, 11580
432, 0, 745, 815, 772, 481, 0.14%, 0, 0, 2, 14.32, 26507, 11582
437, 0, 343, 815, 770, 479, 0.14%, 0, 0, 2, 108.64, 26911, 11582
442, 0, 161, 815, 768, 477, 0.14%, 0, 0, 2, 101.32, 27385, 11582
448, 0, 703, 815, 766, 475, 0.14%, 0, 0, 2, 37.17, 27932, 11582
453, 0, 436, 816, 766, 474, 0.14%, 0, 0, 2, 145.00, 28389, 11583
458, 0, 542, 818, 766, 472, 0.14%, 0, 0, 2, 138.99, 28764, 11583
463, 0, 524, 818, 765, 471, 0.14%, 0, 0, 2, 110.48, 29213, 11583
468, 0, 163, 818, 763, 469, 0.14%, 0, 0, 2, 14.63, 29588, 11583
473, 0, 330, 818, 762, 468, 0.14%, 0, 0, 2, 4.69, 29875, 11583
478, 0, 280, 821, 764, 467, 0.14%, 0, 0, 2, 103.64, 30365, 11583
483, 0, 280, 821, 764, 467, 0.14%, 0, 0, 2, 135.90, 30686, 11583
489, 0, 280, 824, 767, 467, 0.14%, 0, 0, 2, 94.15, 31062, 11585
494, 0, 280, 825, 768, 467, 0.14%, 0, 0, 2, 65.28, 31422, 11585
499, 0, 280, 825, 768, 467, 0.14%, 0, 0, 2, 67.50, 31776, 11585
504, 0, 280, 825, 768, 467, 0.14%, 0, 0, 2, 78.83, 32199, 11585
509, 0, 280, 825, 768, 467, 0.14%, 0, 0, 2, 77.79, 32527, 11585
514, 0, 280, 825, 768, 467, 0.14%, 0, 0, 2, 7.91, 32945, 11585
519, 0, 280, 826, 769, 467, 0.14%, 0, 0, 2, 131.19, 33293, 11585
524, 0, 280, 826, 769, 467, 0.14%, 0, 0, 2, 106.67, 33813, 11585
530, 0, 280, 826, 769, 467, 0.14%, 0, 0, 2, 98.13, 34293, 11585
535, 0, 280, 826, 769, 467, 0.14%, 0, 0, 2, 82.73, 34663, 11585
540, 0, 280, 826, 769, 467, 0.14%, 0, 0, 2, 89.72, 35145, 11585
545, 0, 50, 827, 769, 465, 0.14%, 0, 0, 2, 94.98, 35554, 11586
550, 0, 189, 827, 767, 464, 0.14%, 0, 0, 2, 145.63, 35918, 11586
556, 0, 729, 827, 766, 463, 0.14%, 0, 0, 2, 18.22, 36379, 11586
561, 0, 431, 828, 766, 462, 0.14%, 0, 0, 2, 84.61, 36794, 11586
566, 0, 256, 829, 765, 460, 0.14%, 0, 0, 2, 93.01, 37259, 11588
571, 0, 739, 829, 763, 458, 0.14%, 0, 0, 2, 84.84, 37677, 11588
576, 0, 176, 829, 762, 457, 0.14%, 0, 0, 2, 93.03, 38170, 11588
582, 0, 477, 830, 761, 455, 0.14%, 0, 0, 2, 107.79, 38752, 11588
587, 0, 81, 830, 759, 453, 0.14%, 0, 0, 2, 97.62, 39262, 11588
592, 0, 448, 830, 758, 452, 0.14%, 0, 0, 2, 86.28, 39670, 11588
597, 0, 614, 831, 757, 450, 0.14%, 0, 0, 2, 15.21, 40211, 11588
602, 0, 445, 831, 756, 449, 0.14%, 0, 0, 2, 61.54, 40533, 11588
607, 0, 334, 831, 754, 447, 0.14%, 0, 0, 2, 87.38, 40980, 11588
612, 0, 356, 831, 753, 446, 0.14%, 0, 0, 2, 81.19, 41309, 11588
617, 0, 212, 831, 751, 444, 0.14%, 0, 0, 2, 99.65, 41802, 11588
623, 0, 383, 831, 749, 442, 0.14%, 0, 0, 2, 19.75, 42298, 11588
628, 0, 737, 832, 749, 441, 0.14%, 0, 0, 2, 11.90, 42698, 11598
633, 0, 323, 832, 747, 439, 0.14%, 0, 0, 2, 83.96, 43160, 11598
638, 0, 547, 832, 745, 437, 0.14%, 0, 0, 2, 130.55, 43639, 11598
643, 0, 585, 833, 745, 436, 0.14%, 0, 0, 2, 9.80, 43937, 11598
648, 0, 424, 833, 744, 435, 0.14%, 0, 0, 2, 107.24, 44460, 11598
654, 0, 551, 833, 742, 433, 0.14%, 0, 0, 2, 36.00, 44760, 11598
659, 0, 318, 833, 741, 432, 0.14%, 0, 0, 2, 75.28, 45226, 11598
664, 0, 70, 834, 740, 430, 0.14%, 0, 0, 2, 93.50, 45684, 11599
669, 0, 696, 834, 738, 428, 0.14%, 0, 0, 2, 83.96, 46097, 11599
675, 0, 819, 834, 737, 427, 0.14%, 0, 0, 2, 83.75, 46520, 11599
680, 0, 87, 835, 736, 426, 0.14%, 0, 0, 2, 15.92, 46922, 11600
685, 0, 652, 835, 734, 424, 0.14%, 0, 0, 2, 125.96, 47521, 11600
690, 0, 441, 835, 733, 423, 0.14%, 0, 0, 2, 62.48, 47956, 11600
695, 0, 262, 836, 732, 421, 0.14%, 0, 0, 2, 99.74, 48489, 11600
700, 0, 517, 836, 730, 419, 0.14%, 0, 0, 2, 100.51, 48990, 11600
705, 0, 752, 836, 728, 417, 0.14%, 0, 0, 2, 93.72, 49452, 11600
710, 0, 453, 836, 727, 416, 0.14%, 0, 0, 2, 41.58, 49757, 11600
715, 0, 515, 836, 725, 414, 0.14%, 0, 0, 2, 87.85, 50246, 11600
720, 0, 698, 836, 724, 413, 0.14%, 0, 0, 2, 125.97, 50555, 11600
725, 0, 530, 836, 722, 411, 0.14%, 0, 0, 2, 123.65, 51048, 11600
730, 0, 276, 838, 723, 410, 0.14%, 0, 0, 2, 105.53, 51546, 11600
735, 0, 277, 838, 722, 411, 0.14%, 0, 0, 2, 15.50, 51914, 11600
741, 0, 600, 838, 719, 408, 0.14%, 0, 0, 2, 124.21, 52544, 11600
746, 0, 769, 838, 718, 407, 0.14%, 0, 0, 2, 107.35, 53053, 11600
751, 0, 204, 838, 716, 405, 0.14%, 0, 0, 2, 23.34, 53418, 11600
756, 0, 204, 838, 716, 405, 0.14%, 0, 0, 2, 35.52, 53623, 11600
761, 0, 549, 838, 714, 403, 0.14%, 0, 0, 2, 32.93, 53985, 11600
766, 0, 288, 838, 713, 402, 0.14%, 0, 0, 2, 76.75, 54397, 11600
771, 0, 505, 838, 711, 400, 0.14%, 0, 0, 2, 93.79, 54834, 11600
776, 0, 810, 838, 709, 398, 0.14%, 0, 0, 2, 94.37, 55276, 11600
781, 0, 479, 838, 708, 397, 0.14%, 0, 0, 2, 81.17, 55678, 11600
786, 0, 102, 841, 710, 396, 0.14%, 0, 0, 2, 87.97, 56074, 11606
791, 0, 102, 841, 710, 396, 0.14%, 0, 0, 2, 104.43, 56594, 11606
797, 0, 528, 841, 708, 395, 0.14%, 0, 0, 2, 79.56, 56979, 11606
802, 0, 263, 841, 707, 394, 0.14%, 0, 0, 2, 127.64, 57348, 11606
807, 0, 479, 841, 706, 393, 0.14%, 0, 0, 2, 19.18, 57817, 11606
812, 0, 420, 841, 706, 393, 0.14%, 0, 0, 2, 122.16, 58314, 11606
817, 0, 679, 841, 704, 391, 0.14%, 0, 0, 2, 112.41, 58892, 11606
822, 0, 309, 841, 702, 389, 0.14%, 0, 0, 2, 98.22, 59369, 11606
827, 0, 294, 841, 700, 387, 0.14%, 0, 0, 2, 106.38, 59881, 11606
833, 0, 567, 842, 700, 386, 0.14%, 0, 0, 2, 93.10, 60259, 11606
838, 0, 344, 842, 698, 384, 0.14%, 0, 0, 2, 100.79, 60780, 11606
843, 0, 796, 842, 696, 382, 0.14%, 0, 0, 2, 98.03, 61217, 11606
848, 0, 691, 843, 696, 380, 0.14%, 0, 0, 2, 54.42, 61608, 11608
853, 0, 740, 843, 694, 378, 0.14%, 0, 0, 2, 91.34, 62081, 11608
858, 0, 57, 843, 692, 376, 0.14%, 0, 0, 2, 98.49, 62570, 11608
863, 0, 270, 844, 692, 375, 0.14%, 0, 0, 2, 121.20, 62876, 11608
869, 0, 191, 844, 691, 374, 0.14%, 0, 0, 2, 129.87, 63258, 11608
874, 0, 312, 844, 689, 372, 0.14%, 0, 0, 2, 104.02, 63760, 11608
879, 0, 654, 844, 688, 371, 0.14%, 0, 0, 2, 12.57, 64197, 11608
884, 0, 79, 844, 686, 369, 0.14%, 0, 0, 2, 91.10, 64610, 11608
889, 0, 771, 844, 684, 367, 0.14%, 0, 0, 2, 8.25, 65033, 11608
894, 0, 771, 844, 684, 367, 0.14%, 0, 0, 2, 7.04, 65127, 11608
900, 0, 771, 844, 684, 367, 0.14%, 0, 0, 2, 58.15, 65246, 11608
905, 0, 520, 845, 683, 365, 0.14%, 0, 0, 2, 9.83, 65587, 11616
910, 0, 602, 845, 682, 364, 0.14%, 0, 0, 2, 18.77, 66068, 11616
916, 0, 561, 845, 680, 362, 0.14%, 0, 0, 2, 132.35, 66379, 11616
921, 0, 573, 845, 679, 361, 0.14%, 0, 0, 2, 78.29, 66833, 11616
926, 0, 282, 847, 680, 360, 0.14%, 0, 0, 2, 88.77, 67327, 11616
931, 0, 447, 847, 679, 359, 0.14%, 0, 0, 2, 136.23, 67700, 11616
936, 0, 820, 848, 678, 357, 0.14%, 0, 0, 3, 2.16, 68139, 11616
941, 0, 703, 848, 676, 355, 0.14%, 0, 0, 3, 147.01, 68639, 11616
947, 0, 703, 848, 676, 355, 0.14%, 0, 0, 3, 109.71, 69092, 11616
952, 0, 615, 848, 675, 354, 0.14%, 0, 0, 3, 115.19, 69644, 11616
957, 0, 454, 848, 673, 352, 0.14%, 0, 0, 3, 105.37, 70134, 11616
962, 0, 170, 848, 672, 351, 0.14%, 0, 0, 3, 136.76, 70556, 11616
967, 0, 357, 848, 670, 349, 0.14%, 0, 0, 3, 10.79, 70980, 11616
973, 0, 386, 848, 668, 347, 0.14%, 0, 0, 3, 112.13, 71566, 11616
978, 0, 837, 848, 666, 345, 0.14%, 0, 0, 3, 112.50, 72131, 11616
983, 0, 590, 848, 665, 344, 0.14%, 0, 0, 3, 73.52, 72428, 11616
988, 0, 137, 848, 664, 343, 0.14%, 0, 0, 3, 144.28, 72802, 11616
993, 0, 245, 848, 662, 341, 0.14%, 0, 0, 3, 118.15, 73157, 11616
998, 0, 538, 848, 661, 340, 0.14%, 0, 0, 3, 90.47, 73619, 11616
1003, 0, 826, 848, 659, 338, 0.14%, 0, 0, 3, 89.01, 74084, 11616
1008, 0, 217, 848, 657, 336, 0.14%, 0, 0, 3, 96.41, 74605, 11616
1014, 0, 399, 848, 655, 334, 0.14%, 0, 0, 3, 43.21, 75005, 11616
1019, 0, 628, 848, 653, 332, 0.14%, 0, 0, 3, 91.24, 75512, 11616
1024, 0, 234, 848, 651, 330, 0.14%, 0, 0, 3, 110.94, 76077, 11616
1029, 0, 474, 848, 650, 329, 0.14%, 0, 0, 3, 148.51, 76592, 11616
1034, 0, 180, 848, 648, 327, 0.14%, 0, 0, 3, 140.98, 77085, 11616
1039, 0, 582, 848, 646, 325, 0.14%, 0, 0, 3, 119.60, 77696, 11616
1044, 0, 674, 848, 644, 323, 0.14%, 0, 0, 3, 99.98, 78186, 11616
1050, 0, 311, 848, 642, 321, 0.14%, 0, 0, 3, 7.49, 78607, 11616
1055, 0, 405, 848, 641, 320, 0.14%, 0, 0, 3, 15.27, 79045, 11616
1060, 0, 203, 848, 640, 319, 0.14%, 0, 0, 3, 59.68, 79287, 11616
1065, 0, 507, 848, 638, 317, 0.14%, 0, 0, 3, 86.60, 79725, 11616
1070, 0, 697, 849, 637, 316, 0.14%, 0, 0, 3, 10.68, 80149, 11617
1075, 0, 360, 849, 636, 315, 0.14%, 0, 0, 3, 16.48, 80567, 11617
1080, 0, 221, 849, 634, 313, 0.14%, 0, 0, 3, 108.81, 81061, 11617
1086, 0, 593, 849, 632, 311, 0.14%, 0, 0, 3, 95.76, 81513, 11617
1091, 0, 322, 849, 631, 310, 0.14%, 0, 0, 3, 87.70, 81887, 11617
1096, 0, 209, 850, 630, 308, 0.14%, 0, 0, 3, 16.81, 82285, 11618
1101, 0, 209, 850, 630, 308, 0.14%, 0, 0, 3, 27.32, 82440, 11618
1106, 0, 389, 851, 630, 307, 0.14%, 0, 0, 3, 41.92, 82623, 11619
1111, 0, 755, 853, 631, 306, 0.14%, 0, 0, 3, 65.94, 82965, 11673
1116, 0, 755, 855, 633, 306, 0.14%, 0, 0, 3, 65.52, 83278, 11679
1121, 0, 755, 855, 633, 306, 0.14%, 0, 0, 3, 71.43, 83627, 11679
1127, 0, 755, 856, 634, 306, 0.14%, 0, 0, 3, 65.56, 83913, 11680
1132, 0, 755, 856, 634, 306, 0.14%, 0, 0, 3, 8.30, 84231, 11680
1137, 0, 755, 856, 634, 306, 0.14%, 0, 0, 3, 64.80, 84545, 11680
1142, 0, 755, 856, 634, 306, 0.14%, 0, 0, 3, 62.93, 84852, 11680
1147, 0, 755, 856, 634, 306, 0.14%, 0, 0, 3, 64.89, 85165, 11680
1152, 0, 755, 856, 634, 306, 0.14%, 0, 0, 3, 70.33, 85528, 11680
1157, 0, 755, 857, 635, 306, 0.14%, 0, 0, 3, 69.37, 85838, 11681
1163, 0, 755, 857, 635, 306, 0.14%, 0, 0, 3, 67.05, 86173, 11681
1168, 0, 755, 857, 635, 306, 0.14%, 0, 0, 3, 61.64, 86487, 11681
1173, 0, 755, 857, 635, 306, 0.14%, 0, 0, 3, 62.62, 86829, 11681
1178, 0, 755, 857, 635, 306, 0.14%, 0, 0, 3, 65.24, 87162, 11681
1183, 0, 142, 859, 637, 307, 0.14%, 0, 0, 3, 106.49, 87424, 11694
1188, 0, 417, 860, 637, 306, 0.14%, 0, 0, 3, 1.72, 87903, 11694
1193, 0, 459, 860, 636, 305, 0.14%, 0, 0, 3, 107.72, 88434, 11694
1199, 0, 766, 860, 634, 303, 0.14%, 0, 0, 3, 116.30, 88917, 11694
1204, 0, 648, 860, 632, 301, 0.14%, 0, 0, 3, 103.22, 89398, 11694
1209, 0, 403, 860, 630, 299, 0.14%, 0, 0, 3, 105.95, 89922, 11694
1214, 0, 102, 861, 630, 298, 0.14%, 0, 0, 3, 131.38, 90272, 11694
1219, 0, 102, 861, 630, 298, 0.14%, 0, 0, 3, 107.81, 90787, 11694
1224, 0, 159, 862, 631, 298, 0.14%, 0, 0, 3, 108.70, 91302, 11694
1229, 0, 518, 862, 629, 296, 0.14%, 0, 0, 3, 43.31, 91773, 11694
1235, 0, 575, 862, 628, 295, 0.14%, 0, 0, 3, 80.52, 92212, 11694
1240, 0, 428, 862, 626, 293, 0.14%, 0, 0, 3, 96.99, 92708, 11694
1245, 0, 418, 862, 624, 291, 0.14%, 0, 0, 3, 141.70, 93222, 11694
1250, 0, 531, 862, 623, 290, 0.14%, 0, 0, 3, 107.50, 93700, 11694
1255, 0, 409, 862, 621, 288, 0.14%, 0, 0, 3, 119.04, 94059, 11694
1260, 0, 177, 862, 620, 287, 0.14%, 0, 0, 3, 66.97, 94339, 11694
1265, 0, 177, 863, 621, 287, 0.14%, 0, 0, 3, 15.64, 94457, 11694
1270, 0, 125, 863, 620, 286, 0.14%, 0, 0, 3, 24.71, 94662, 11694
1275, 0, 306, 864, 619, 284, 0.14%, 0, 0, 3, 118.02, 95160, 11694
1280, 0, 604, 865, 619, 283, 0.14%, 0, 0, 3, 99.28, 95617, 11694
1285, 0, 139, 865, 617, 281, 0.14%, 0, 0, 3, 105.78, 96149, 11694
1292, 0, 205, 867, 617, 279, 0.14%, 0, 0, 3, 8.35, 96556, 11703
1297, 0, 242, 867, 616, 278, 0.14%, 0, 0, 3, 134.87, 97085, 11703
1302, 0, 124, 867, 614, 276, 0.14%, 0, 0, 3, 147.78, 97556, 11703
1307, 0, 150, 867, 612, 274, 0.14%, 0, 0, 3, 138.38, 98067, 11703
1312, 0, 456, 867, 610, 272, 0.14%, 0, 0, 3, 84.26, 98548, 11703
1317, 0, 596, 867, 608, 270, 0.14%, 0, 0, 3, 103.09, 99063, 11703
1322, 0, 216, 867, 607, 269, 0.14%, 0, 0, 3, 103.16, 99584, 11703
1327, 0, 521, 867, 605, 267, 0.14%, 0, 0, 3, 100.16, 100083, 11703
1332, 0, 400, 867, 603, 265, 0.14%, 0, 0, 3, 95.43, 100556, 11703
1338, 0, 149, 867, 601, 263, 0.14%, 0, 0, 3, 1.75, 100982, 11703
1343, 0, 663, 867, 600, 262, 0.14%, 0, 0, 3, 116.73, 101363, 11703
1348, 0, 471, 867, 598, 260, 0.14%, 0, 0, 3, 78.54, 101891, 11703
1353, 0, 96, 869, 599, 259, 0.14%, 0, 0, 3, 107.84, 102308, 11706
1358, 0, 545, 869, 598, 260, 0.14%, 0, 0, 3, 111.14, 102656, 11706
1364, 0, 842, 870, 597, 258, 0.14%, 0, 0, 3, 120.24, 103084, 11707
1369, 0, 842, 871, 598, 258, 0.14%, 0, 0, 3, 93.94, 103514, 11709
1374, 0, 138, 872, 598, 258, 0.14%, 0, 0, 3, 44.64, 103794, 11710
1380, 0, 774, 872, 596, 256, 0.14%, 0, 0, 3, 79.55, 104125, 11710
1385, 0, 348, 872, 595, 255, 0.14%, 0, 0, 3, 81.56, 104618, 11710
1390, 0, 328, 872, 593, 253, 0.14%, 0, 0, 3, 88.44, 105060, 11710
1395, 0, 681, 872, 591, 251, 0.14%, 0, 0, 3, 82.92, 105473, 11710
1400, 0, 584, 874, 592, 250, 0.14%, 0, 0, 3, 91.66, 105925, 11710
1405, 0, 733, 875, 592, 249, 0.14%, 0, 0, 3, 77.86, 106323, 11710
1411, 0, 848, 875, 590, 247, 0.14%, 0, 0, 3, 107.36, 106901, 11710
1416, 0, 178, 875, 588, 245, 0.14%, 0, 0, 3, 105.33, 107436, 11710
1421, 0, 198, 875, 587, 244, 0.14%, 0, 0, 3, 35.61, 107721, 11710
1426, 0, 646, 875, 585, 242, 0.14%, 0, 0, 3, 83.55, 108149, 11710
1431, 0, 376, 875, 583, 240, 0.14%, 0, 0, 3, 107.56, 108718, 11710
1436, 0, 185, 875, 582, 239, 0.14%, 0, 0, 3, 22.13, 109034, 11710
1441, 0, 185, 878, 585, 239, 0.14%, 0, 0, 3, 23.67, 109125, 11729
1446, 0, 185, 878, 585, 239, 0.14%, 0, 0, 3, 11.71, 109202, 11729
1452, 0, 612, 878, 584, 240, 0.14%, 0, 0, 3, 2.31, 109280, 11729
1457, 0, 207, 879, 584, 239, 0.14%, 0, 0, 3, 92.35, 109718, 11729
1462, 0, 733, 879, 582, 237, 0.14%, 0, 0, 3, 100.85, 110202, 11729
1467, 0, 733, 879, 582, 237, 0.14%, 0, 0, 3, 80.27, 110584, 11729
1472, 0, 733, 879, 582, 237, 0.14%, 0, 0, 3, 96.33, 111092, 11729
1477, 0, 267, 881, 583, 236, 0.14%, 0, 0, 3, 112.49, 111655, 11729
1482, 0, 655, 881, 581, 234, 0.14%, 0, 0, 3, 130.52, 112227, 11729
1487, 0, 301, 881, 580, 233, 0.14%, 0, 0, 3, 84.55, 112582, 11729
1493, 0, 301, 881, 580, 233, 0.14%, 0, 0, 3, 102.16, 113076, 11729
1498, 0, 867, 883, 582, 233, 0.14%, 0, 0, 3, 102.61, 113607, 11731
1503, 0, 625, 883, 580, 232, 0.14%, 0, 0, 3, 132.25, 113994, 11731
1508, 0, 395, 883, 578, 230, 0.14%, 0, 0, 3, 104.71, 114512, 11731
1514, 0, 463, 883, 577, 229, 0.14%, 0, 0, 3, 106.92, 115027, 11731
1519, 0, 313, 883, 576, 228, 0.14%, 0, 0, 3, 85.31, 115480, 11731
1524, 0, 146, 883, 575, 227, 0.14%, 0, 0, 3, 93.36, 115960, 11731
1529, 0, 626, 884, 575, 226, 0.14%, 0, 0, 3, 141.53, 116392, 11731
1534, 0, 109, 885, 575, 225, 0.14%, 0, 0, 3, 111.68, 116660, 11732
1539, 0, 688, 885, 573, 223, 0.14%, 0, 0, 3, 107.39, 117155, 11732
1544, 0, 127, 885, 571, 221, 0.14%, 0, 0, 3, 90.40, 117605, 11732
1549, 0, 788, 885, 570, 220, 0.14%, 0, 0, 3, 8.51, 117848, 11732
1555, 0, 788, 885, 570, 220, 0.14%, 0, 0, 3, 7.74, 117879, 11732
1560, 0, 788, 885, 570, 220, 0.14%, 0, 0, 3, 27.95, 117929, 11732
1565, 0, 788, 885, 570, 220, 0.14%, 0, 0, 3, 7.48, 117984, 11732
1570, 0, 167, 887, 571, 219, 0.14%, 0, 0, 3, 76.60, 118250, 11737
1575, 0, 747, 888, 571, 220, 0.14%, 0, 0, 3, 87.80, 118622, 11737
1580, 0, 694, 889, 570, 219, 0.14%, 0, 0, 3, 86.35, 118975, 11737
1586, 0, 780, 889, 569, 218, 0.14%, 0, 0, 3, 19.64, 119281, 11737
1591, 0, 780, 889, 569, 218, 0.14%, 0, 0, 3, 29.24, 119454, 11737
1596, 0, 171, 889, 567, 216, 0.14%, 0, 0, 3, 84.64, 119979, 11737
1601, 0, 254, 890, 566, 214, 0.14%, 0, 0, 3, 102.10, 120515, 11737
1606, 0, 516, 890, 564, 212, 0.14%, 0, 0, 3, 100.00, 121036, 11737
1611, 0, 373, 890, 562, 210, 0.14%, 0, 0, 3, 92.86, 121432, 11737
1616, 0, 668, 890, 560, 208, 0.14%, 0, 0, 3, 104.37, 121973, 11737
1622, 0, 398, 891, 560, 207, 0.14%, 0, 0, 3, 97.92, 122480, 11737
1627, 0, 499, 892, 559, 207, 0.14%, 0, 0, 3, 147.06, 122873, 11738
1632, 0, 473, 893, 559, 206, 0.14%, 0, 0, 3, 105.73, 123283, 11740
1637, 0, 664, 893, 557, 204, 0.14%, 0, 0, 3, 111.41, 123842, 11740
1642, 0, 90, 894, 556, 202, 0.14%, 0, 0, 3, 100.65, 124246, 11741
1647, 0, 799, 894, 555, 202, 0.14%, 0, 0, 3, 76.87, 124567, 11741
1652, 0, 446, 894, 554, 201, 0.14%, 0, 0, 3, 86.56, 124997, 11741
1657, 0, 223, 894, 552, 199, 0.14%, 0, 0, 3, 92.65, 125496, 11741
1662, 0, 139, 894, 550, 197, 0.14%, 0, 0, 3, 114.52, 125977, 11741
1667, 0, 709, 894, 550, 197, 0.14%, 0, 0, 3, 19.59, 126382, 11741
1673, 0, 709, 894, 550, 197, 0.14%, 0, 0, 3, 41.10, 126492, 11741
1678, 0, 692, 894, 549, 196, 0.14%, 0, 0, 3, 56.20, 126608, 11741
1683, 0, 644, 894, 548, 195, 0.14%, 0, 0, 3, 91.89, 127117, 11741
1688, 0, 547, 894, 546, 193, 0.14%, 0, 0, 3, 147.06, 127583, 11741
1693, 0, 439, 895, 547, 193, 0.14%, 0, 0, 3, 130.00, 127968, 11741
1698, 0, 431, 895, 545, 191, 0.14%, 0, 0, 3, 129.13, 128517, 11741
1703, 0, 431, 895, 545, 191, 0.14%, 0, 0, 3, 103.32, 128993, 11741
1709, 0, 285, 895, 544, 190, 0.14%, 0, 0, 3, 141.96, 129436, 11741
1714, 0, 112, 896, 543, 188, 0.14%, 0, 0, 3, 114.99, 129950, 11742
1719, 0, 299, 896, 542, 187, 0.14%, 0, 0, 3, 87.25, 130346, 11742
1724, 0, 466, 896, 540, 185, 0.14%, 0, 0, 3, 99.00, 130871, 11742
1730, 0, 651, 897, 539, 184, 0.14%, 0, 0, 3, 1.73, 131279, 11746
1735, 0, 525, 897, 538, 183, 0.14%, 0, 0, 3, 108.19, 131786, 11746
1740, 0, 401, 897, 536, 181, 0.14%, 0, 0, 3, 117.13, 132224, 11746
1745, 0, 606, 898, 535, 179, 0.14%, 0, 0, 3, 138.57, 132817, 11746
1750, 0, 877, 898, 533, 177, 0.14%, 0, 0, 3, 89.28, 133184, 11746
1756, 0, 877, 899, 534, 177, 0.14%, 0, 0, 3, 17.65, 133283, 11747
1762, 0, 388, 899, 533, 177, 0.14%, 0, 0, 3, 2.81, 133409, 11747
1767, 0, 616, 899, 532, 176, 0.14%, 0, 0, 3, 83.87, 133818, 11747
1772, 0, 896, 899, 531, 175, 0.14%, 0, 0, 3, 77.78, 134174, 11747
1777, 0, 705, 899, 529, 173, 0.14%, 0, 0, 3, 99.81, 134667, 11747
1782, 0, 684, 899, 527, 171, 0.14%, 0, 0, 3, 107.14, 135166, 11747
1787, 0, 607, 899, 526, 170, 0.14%, 0, 0, 3, 88.29, 135569, 11747
1792, 0, 426, 899, 524, 168, 0.14%, 0, 0, 3, 75.61, 135946, 11747
1798, 0, 258, 899, 522, 166, 0.14%, 0, 0, 3, 126.64, 136470, 11747
1803, 0, 183, 900, 522, 165, 0.14%, 0, 0, 3, 132.22, 136862, 11747
1808, 0, 196, 901, 522, 165, 0.14%, 0, 0, 3, 148.51, 137195, 11747
1813, 0, 536, 902, 521, 163, 0.14%, 0, 0, 3, 111.18, 137676, 11748
1818, 0, 384, 902, 519, 161, 0.14%, 0, 0, 3, 111.21, 138224, 11748
1824, 0, 470, 902, 517, 159, 0.14%, 0, 0, 3, 6.70, 138675, 11748
1829, 0, 229, 902, 516, 158, 0.14%, 0, 0, 3, 114.10, 139161, 11748
1834, 0, 844, 902, 514, 156, 0.14%, 0, 0, 3, 107.09, 139684, 11748
1840, 0, 143, 902, 513, 155, 0.14%, 0, 0, 3, 104.85, 140075, 11748
1845, 0, 715, 902, 511, 153, 0.14%, 0, 0, 3, 102.93, 140566, 11748
1850, 0, 598, 902, 509, 151, 0.14%, 0, 0, 3, 120.98, 141019, 11748
1855, 0, 723, 902, 507, 149, 0.14%, 0, 0, 3, 109.71, 141570, 11748
1860, 0, 723, 902, 507, 149, 0.14%, 0, 0, 3, 103.39, 142061, 11748
1865, 0, 211, 903, 508, 149, 0.14%, 0, 0, 3, 126.23, 142576, 11748
1870, 0, 333, 903, 507, 148, 0.14%, 0, 0, 3, 95.71, 142968, 11748
1875, 0, 259, 903, 505, 146, 0.14%, 0, 0, 3, 105.88, 143491, 11748
1881, 0, 315, 903, 503, 144, 0.14%, 0, 0, 3, 99.04, 143964, 11748
1886, 0, 379, 903, 501, 142, 0.14%, 0, 0, 3, 103.57, 144473, 11748
1891, 0, 235, 903, 500, 141, 0.14%, 0, 0, 3, 18.02, 144721, 11748
1896, 0, 235, 903, 500, 141, 0.14%, 0, 0, 3, 25.97, 144833, 11748
1901, 0, 305, 903, 498, 139, 0.14%, 0, 0, 3, 107.51, 145193, 11748
1906, 0, 144, 903, 497, 138, 0.14%, 0, 0, 3, 114.68, 145636, 11748
1912, 0, 660, 903, 494, 135, 0.14%, 0, 0, 3, 104.08, 146160, 11748
1917, 0, 881, 905, 494, 133, 0.14%, 0, 0, 4, 95.80, 146629, 11748
1922, 0, 462, 907, 495, 132, 0.14%, 0, 0, 4, 99.10, 147090, 11759
1927, 0, 710, 907, 494, 131, 0.14%, 0, 0, 4, 16.65, 147361, 11759
1932, 0, 710, 907, 494, 131, 0.14%, 0, 0, 4, 22.50, 147483, 11759
1937, 0, 346, 907, 492, 129, 0.14%, 0, 0, 4, 68.25, 147812, 11759
1942, 0, 283, 908, 492, 128, 0.14%, 0, 0, 4, 88.77, 148268, 11809
1947, 0, 472, 908, 490, 126, 0.14%, 0, 0, 4, 113.19, 148838, 11809
1952, 0, 680, 908, 489, 125, 0.14%, 0, 0, 4, 103.03, 149277, 11809
1958, 0, 372, 908, 487, 123, 0.14%, 0, 0, 4, 64.88, 149783, 11809
1963, 0, 617, 908, 485, 121, 0.14%, 0, 0, 4, 69.96, 150163, 11809
1968, 0, 135, 908, 484, 120, 0.14%, 0, 0, 4, 84.53, 150609, 11809
1973, 0, 755, 908, 482, 118, 0.14%, 0, 0, 4, 84.46, 151062, 11809
1978, 0, 104, 909, 483, 118, 0.14%, 0, 0, 4, 80.68, 151402, 11811
1983, 0, 232, 909, 481, 117, 0.14%, 0, 0, 4, 118.86, 151827, 11811
1988, 0, 452, 909, 480, 116, 0.14%, 0, 0, 4, 124.33, 152287, 11811
1993, 0, 266, 909, 478, 114, 0.14%, 0, 0, 4, 99.33, 152760, 11811
1998, 0, 421, 909, 476, 112, 0.14%, 0, 0, 4, 129.47, 153205, 11811
2004, 0, 807, 909, 474, 110, 0.14%, 0, 0, 4, 1.74, 153641, 11811
2009, 0, 147, 910, 474, 109, 0.14%, 0, 0, 4, 108.51, 154142, 11811
2014, 0, 754, 910, 472, 107, 0.14%, 0, 0, 4, 101.23, 154639, 11811
2019, 0, 197, 910, 472, 107, 0.14%, 0, 0, 4, 20.95, 154926, 11811
2025, 0, 197, 910, 472, 107, 0.14%, 0, 0, 4, 32.56, 155105, 11811
2030, 0, 128, 910, 469, 104, 0.14%, 0, 0, 4, 13.52, 155625, 11811
2036, 0, 218, 910, 468, 103, 0.14%, 0, 0, 4, 80.56, 156044, 11811
2041, 0, 666, 910, 466, 101, 0.14%, 0, 0, 4, 122.81, 156539, 11811
2046, 0, 599, 910, 464, 99, 0.14%, 0, 0, 4, 124.44, 157086, 11811
2051, 0, 443, 910, 462, 97, 0.14%, 0, 0, 4, 99.61, 157524, 11811
2056, 0, 161, 910, 460, 95, 0.14%, 0, 0, 4, 101.10, 158055, 11811
2061, 0, 161, 910, 460, 95, 0.14%, 0, 0, 4, 92.81, 158494, 11811
2066, 0, 432, 910, 460, 95, 0.14%, 0, 0, 4, 71.07, 158917, 11811
2071, 0, 649, 910, 459, 94, 0.14%, 0, 0, 4, 93.37, 159409, 11811
2077, 0, 908, 910, 458, 93, 0.14%, 0, 0, 4, 94.30, 159854, 11811
2082, 0, 133, 910, 457, 92, 0.14%, 0, 0, 4, 97.67, 160326, 11811
2087, 0, 416, 910, 455, 90, 0.14%, 0, 0, 4, 81.75, 160658, 11811
2092, 0, 364, 910, 453, 88, 0.14%, 0, 0, 4, 108.30, 161243, 11811
2097, 0, 759, 910, 451, 86, 0.14%, 0, 0, 4, 88.41, 161727, 11811
2102, 0, 759, 910, 451, 86, 0.14%, 0, 0, 4, 91.71, 162190, 11811
2107, 0, 759, 910, 451, 86, 0.14%, 0, 0, 4, 41.74, 162623, 11811
2112, 0, 475, 910, 450, 85, 0.14%, 0, 0, 4, 90.69, 163122, 11811
2118, 0, 749, 910, 448, 83, 0.14%, 0, 0, 4, 135.34, 163528, 11811
2123, 0, 523, 910, 447, 82, 0.14%, 0, 0, 4, 107.84, 163977, 11811
2128, 0, 620, 910, 444, 79, 0.14%, 0, 0, 4, 115.11, 164542, 11811
2133, 0, 695, 910, 443, 78, 0.14%, 0, 0, 4, 42.60, 164958, 11811
2138, 0, 347, 910, 441, 76, 0.14%, 0, 0, 4, 80.22, 165417, 11811
2143, 0, 366, 910, 439, 74, 0.14%, 0, 0, 4, 81.42, 165819, 11811
2148, 0, 321, 911, 439, 74, 0.14%, 0, 0, 4, 94.36, 166226, 11811
2153, 0, 713, 911, 438, 73, 0.14%, 0, 0, 4, 29.46, 166422, 11811
2158, 0, 713, 911, 438, 73, 0.14%, 0, 0, 4, 5.53, 166531, 11811
2163, 0, 876, 911, 437, 72, 0.14%, 0, 0, 4, 16.71, 166636, 11811
2169, 0, 876, 911, 437, 72, 0.14%, 0, 0, 4, 19.60, 166730, 11811
2174, 0, 603, 911, 436, 71, 0.14%, 0, 0, 4, 127.23, 167017, 11811
2179, 0, 98, 911, 434, 69, 0.14%, 0, 0, 4, 110.78, 167443, 11811
2184, 0, 608, 911, 433, 68, 0.14%, 0, 0, 4, 113.24, 167818, 11811
2189, 0, 310, 911, 431, 66, 0.14%, 0, 0, 4, 114.70, 168256, 11811
2194, 0, 804, 911, 430, 65, 0.14%, 0, 0, 4, 82.88, 168650, 11811
2199, 0, 834, 911, 427, 62, 0.14%, 0, 0, 4, 98.80, 169160, 11811
2204, 0, 784, 911, 426, 61, 0.14%, 0, 0, 4, 12.18, 169422, 11811
2209, 0, 784, 911, 426, 61, 0.14%, 0, 0, 4, 32.73, 169520, 11811
2215, 0, 677, 911, 425, 60, 0.14%, 0, 0, 4, 142.16, 169628, 11811
2220, 0, 677, 913, 427, 60, 0.14%, 0, 0, 4, 107.46, 170102, 11813
2225, 0, 677, 914, 428, 60, 0.14%, 0, 0, 4, 99.56, 170591, 11814
2230, 0, 719, 914, 428, 62, 0.14%, 0, 0, 4, 24.73, 170998, 11814
2236, 0, 558, 914, 427, 61, 0.14%, 0, 0, 4, 19.95, 171143, 11814
2241, 0, 558, 914, 427, 61, 0.14%, 0, 0, 4, 22.10, 171254, 11814
2246, 0, 55, 914, 425, 59, 0.14%, 0, 0, 4, 5.14, 171539, 11814
2252, 0, 418, 915, 425, 59, 0.14%, 0, 0, 4, 8.97, 171964, 11817
2257, 0, 418, 915, 425, 59, 0.14%, 0, 0, 4, 128.65, 172522, 11817
2262, 0, 742, 916, 426, 59, 0.14%, 0, 0, 4, 113.67, 172961, 11817
2267, 0, 742, 916, 426, 59, 0.14%, 0, 0, 4, 113.43, 173485, 11817
2272, 0, 318, 916, 426, 59, 0.14%, 0, 0, 4, 81.74, 173874, 11817
2277, 0, 653, 916, 426, 59, 0.14%, 0, 0, 4, 16.41, 174150, 11817
2282, 0, 653, 916, 426, 59, 0.14%, 0, 0, 4, 21.95, 174268, 11817
2287, 0, 105, 916, 425, 58, 0.14%, 0, 0, 4, 51.26, 174521, 11817
2293, 0, 708, 916, 423, 56, 0.14%, 0, 0, 4, 22.94, 174866, 11817
2298, 0, 708, 916, 423, 56, 0.14%, 0, 0, 4, 24.44, 174985, 11817
2303, 0, 123, 916, 422, 55, 0.14%, 0, 0, 4, 63.15, 175275, 11817
2308, 0, 217, 916, 420, 53, 0.14%, 0, 0, 4, 89.93, 175797, 11817
2313, 0, 301, 916, 419, 52, 0.14%, 0, 0, 4, 91.73, 176273, 11817
2318, 0, 301, 916, 419, 52, 0.14%, 0, 0, 4, 91.31, 176709, 11817
2323, 0, 914, 916, 419, 52, 0.14%, 0, 0, 4, 110.11, 177264, 11817
2328, 0, 690, 916, 417, 50, 0.14%, 0, 0, 4, 108.84, 177670, 11817
2333, 0, 690, 917, 418, 50, 0.14%, 0, 0, 4, 112.63, 178219, 11825
2339, 0, 187, 918, 419, 51, 0.14%, 0, 0, 4, 6.08, 178770, 11826
2344, 0, 187, 918, 419, 51, 0.14%, 0, 0, 4, 20.90, 178863, 11826
2349, 0, 187, 918, 419, 51, 0.14%, 0, 0, 4, 21.52, 178969, 11826
2354, 0, 917, 918, 418, 50, 0.14%, 0, 0, 4, 142.62, 179280, 11826
2360, 0, 704, 918, 416, 48, 0.14%, 0, 0, 4, 126.48, 179713, 11826
2365, 0, 324, 918, 414, 46, 0.14%, 0, 0, 4, 121.23, 180150, 11826
2370, 0, 324, 919, 415, 46, 0.14%, 0, 0, 4, 102.97, 180624, 11826
2375, 0, 755, 919, 415, 47, 0.14%, 0, 0, 4, 77.83, 180978, 11826
2380, 0, 509, 920, 416, 48, 0.14%, 0, 0, 4, 142.03, 181245, 11836
2385, 0, 3, 920, 414, 46, 0.14%, 0, 0, 4, 137.50, 181618, 11836
2390, 0, 918, 920, 412, 45, 0.14%, 0, 0, 4, 113.31, 182142, 11836
2395, 0, 910, 921, 412, 44, 0.14%, 0, 0, 4, 103.76, 182549, 11836
2400, 0, 767, 921, 410, 42, 0.14%, 0, 0, 4, 20.93, 182881, 11836
2406, 0, 767, 921, 410, 42, 0.14%, 0, 0, 4, 18.82, 182972, 11836
2411, 0, 126, 921, 409, 41, 0.14%, 0, 0, 4, 130.25, 183150, 11836
2416, 0, 126, 923, 411, 41, 0.14%, 0, 0, 4, 61.76, 183578, 11838
2421, 0, 126, 923, 411, 41, 0.14%, 0, 0, 4, 90.16, 184030, 11838
2426, 0, 126, 923, 411, 41, 0.14%, 0, 0, 4, 105.51, 184562, 11838
2431, 0, 126, 923, 411, 41, 0.14%, 0, 0, 4, 91.15, 185063, 11838
2437, 0, 126, 923, 411, 41, 0.14%, 0, 0, 4, 103.25, 185590, 11838
2442, 0, 911, 923, 410, 40, 0.14%, 0, 0, 4, 108.82, 186109, 11838
2447, 0, 791, 923, 409, 39, 0.14%, 0, 0, 4, 1.89, 186358, 11838
2452, 0, 791, 923, 409, 39, 0.14%, 0, 0, 4, 2.89, 186395, 11838
2457, 0, 791, 923, 409, 39, 0.14%, 0, 0, 4, 18.31, 186456, 11838
2462, 0, 791, 923, 409, 39, 0.14%, 0, 0, 4, 15.62, 186515, 11838
2467, 0, 316, 923, 408, 38, 0.14%, 0, 0, 4, 139.88, 186691, 11838
2472, 0, 797, 923, 407, 37, 0.14%, 0, 0, 4, 14.34, 187019, 11838
2478, 0, 492, 923, 406, 36, 0.14%, 0, 0, 4, 93.35, 187466, 11838
2483, 0, 31, 923, 406, 36, 0.14%, 0, 0, 4, 85.05, 187821, 11838
2488, 0, 287, 923, 406, 36, 0.14%, 0, 0, 4, 79.86, 188147, 11838
2493, 0, 350, 923, 405, 35, 0.14%, 0, 0, 4, 110.52, 188595, 11838
2498, 0, 718, 923, 405, 35, 0.14%, 0, 0, 4, 93.45, 189056, 11838
2503, 0, 912, 923, 405, 35, 0.14%, 0, 0, 4, 97.77, 189540, 11838
2508, 0, 139, 923, 404, 34, 0.14%, 0, 0, 4, 125.27, 189971, 11838
2514, 0, 446, 923, 403, 34, 0.14%, 0, 0, 4, 73.29, 190455, 11838
2519, 0, 495, 923, 403, 34, 0.14%, 0, 0, 4, 102.55, 191012, 11838
2524, 0, 133, 923, 402, 33, 0.14%, 0, 0, 4, 96.87, 191482, 11838
2529, 0, 612, 923, 402, 33, 0.14%, 0, 0, 4, 99.76, 191997, 11838
2534, 0, 543, 924, 402, 32, 0.14%, 0, 0, 4, 135.30, 192454, 11839
2540, 0, 31, 924, 402, 32, 0.14%, 0, 0, 4, 143.97, 192922, 11839
2545, 0, 218, 924, 402, 32, 0.14%, 0, 0, 4, 119.18, 193274, 11839
2550, 0, 161, 925, 403, 32, 0.14%, 0, 0, 4, 92.71, 193690, 11839
2555, 0, 161, 925, 403, 32, 0.14%, 0, 0, 4, 18.56, 194125, 11839
2561, 0, 515, 925, 403, 32, 0.14%, 0, 0, 4, 103.34, 194610, 11839
2566, 0, 258, 925, 403, 32, 0.14%, 0, 0, 4, 96.84, 195086, 11839
2571, 0, 774, 928, 406, 32, 0.14%, 0, 0, 4, 93.17, 195527, 11839
2576, 0, 726, 928, 405, 31, 0.14%, 0, 0, 4, 94.02, 196010, 11839
2581, 0, 726, 928, 405, 31, 0.14%, 0, 0, 4, 89.14, 196448, 11839
2586, 0, 726, 928, 405, 31, 0.14%, 0, 0, 4, 92.74, 196895, 11839
2591, 0, 251, 928, 404, 30, 0.14%, 0, 0, 4, 100.41, 197372, 11839
2596, 0, 57, 929, 404, 29, 0.14%, 0, 0, 4, 103.09, 197655, 11839
2602, 0, 57, 930, 405, 29, 0.14%, 0, 0, 4, 97.41, 198079, 11839
2607, 0, 57, 930, 405, 29, 0.14%, 0, 0, 4, 103.77, 198602, 11839
2612, 0, 57, 930, 405, 29, 0.14%, 0, 0, 4, 107.94, 198941, 11839
2617, 0, 262, 930, 405, 29, 0.14%, 0, 0, 4, 142.82, 199289, 11839
2622, 0, 262, 930, 405, 29, 0.14%, 0, 0, 4, 125.02, 199894, 11839
2627, 0, 516, 930, 405, 29, 0.14%, 0, 0, 4, 116.20, 200484, 11839
2632, 0, 59, 930, 404, 28, 0.14%, 0, 0, 4, 123.54, 200901, 11839
2638, 0, 59, 932, 406, 28, 0.14%, 0, 0, 4, 32.96, 201099, 11841
2643, 0, 634, 932, 405, 28, 0.14%, 0, 0, 4, 139.88, 201384, 11841
2648, 0, 634, 938, 411, 28, 0.14%, 0, 0, 4, 101.93, 201678, 11850
2653, 0, 634, 939, 412, 28, 0.14%, 0, 0, 4, 104.77, 202184, 11850
2658, 0, 250, 940, 412, 31, 0.14%, 0, 0, 4, 13.16, 202397, 11867
2663, 0, 250, 942, 414, 31, 0.14%, 0, 0, 4, 19.33, 202491, 11873
2668, 0, 250, 942, 414, 31, 0.14%, 0, 0, 4, 25.12, 202594, 11873
2673, 0, 354, 942, 413, 31, 0.14%, 0, 0, 4, 108.57, 202867, 11873
2678, 0, 641, 942, 411, 30, 0.14%, 0, 0, 4, 16.05, 203178, 11873
2684, 0, 641, 942, 411, 30, 0.14%, 0, 0, 4, 20.02, 203278, 11873
2689, 0, 776, 942, 410, 29, 0.14%, 0, 0, 4, 33.88, 203434, 11873
2694, 0, 598, 943, 410, 28, 0.14%, 0, 0, 4, 90.50, 203955, 11873
2699, 0, 598, 943, 410, 28, 0.14%, 0, 0, 4, 66.82, 204378, 11873
2704, 0, 940, 943, 410, 28, 0.14%, 0, 0, 4, 17.71, 204475, 11873
2709, 0, 940, 943, 410, 28, 0.14%, 0, 0, 4, 20.00, 204585, 11873
2714, 0, 521, 943, 409, 27, 0.14%, 0, 0, 4, 73.75, 204746, 11873
2719, 0, 521, 943, 409, 27, 0.14%, 0, 0, 4, 134.21, 205115, 11873
2725, 0, 521, 944, 410, 27, 0.14%, 0, 0, 4, 99.78, 205546, 11873
2730, 0, 399, 944, 410, 27, 0.14%, 0, 0, 4, 99.59, 206021, 11873
2735, 0, 399, 944, 410, 27, 0.14%, 0, 0, 4, 67.13, 206389, 11873
2741, 0, 939, 946, 411, 27, 0.14%, 0, 0, 4, 2.48, 206806, 11874
2746, 0, 939, 948, 413, 27, 0.14%, 0, 0, 4, 22.24, 207201, 11874
2751, 0, 681, 948, 412, 27, 0.14%, 0, 0, 4, 46.71, 207406, 11874
2756, 0, 681, 948, 412, 27, 0.14%, 0, 0, 4, 78.10, 207826, 11874
2761, 0, 474, 948, 412, 27, 0.14%, 0, 0, 4, 108.48, 208379, 11874
2766, 0, 277, 948, 412, 27, 0.14%, 0, 0, 4, 102.23, 208801, 11874
2771, 0, 277, 948, 412, 27, 0.14%, 0, 0, 4, 92.93, 209233, 11874
2777, 0, 534, 948, 412, 27, 0.14%, 0, 0, 4, 112.21, 209790, 11874
2782, 0, 534, 948, 412, 27, 0.14%, 0, 0, 4, 96.35, 210254, 11874
2787, 0, 690, 948, 412, 27, 0.14%, 0, 0, 4, 19.05, 210759, 11874
2792, 0, 690, 948, 412, 27, 0.14%, 0, 0, 4, 105.55, 211195, 11874
2798, 0, 770, 948, 411, 26, 0.14%, 0, 0, 4, 3.37, 211679, 11874
2803, 0, 77, 948, 411, 26, 0.14%, 0, 0, 4, 112.56, 212186, 11874
2808, 0, 755, 948, 410, 26, 0.14%, 0, 0, 4, 101.66, 212673, 11874
2813, 0, 604, 948, 410, 26, 0.14%, 0, 0, 4, 101.27, 213167, 11874
2818, 0, 227, 948, 410, 26, 0.14%, 0, 0, 4, 108.94, 213715, 11874
2823, 0, 445, 948, 408, 24, 0.14%, 0, 0, 4, 113.02, 214257, 11874
2828, 0, 629, 948, 408, 24, 0.14%, 0, 0, 4, 106.58, 214759, 11874
2834, 0, 891, 949, 408, 23, 0.14%, 0, 0, 4, 94.44, 215254, 11874
2839, 0, 891, 951, 410, 23, 0.14%, 0, 0, 4, 13.59, 215653, 11878
2844, 0, 891, 951, 410, 23, 0.14%, 0, 0, 4, 108.29, 216122, 11878
2849, 0, 891, 951, 410, 23, 0.14%, 0, 0, 4, 134.50, 216510, 11878
2854, 0, 891, 951, 410, 23, 0.14%, 0, 0, 4, 102.34, 216978, 11878
2860, 0, 891, 952, 411, 23, 0.14%, 0, 0, 4, 78.82, 217382, 11878
2865, 0, 891, 952, 411, 23, 0.14%, 0, 0, 4, 104.76, 217781, 11878
2870, 0, 891, 952, 411, 23, 0.14%, 0, 0, 4, 93.78, 218188, 11878
2875, 0, 891, 952, 411, 23, 0.14%, 0, 0, 4, 90.06, 218608, 11878
2880, 0, 891, 953, 412, 23, 0.14%, 0, 0, 4, 95.03, 219029, 11878
2885, 0, 891, 954, 413, 23, 0.14%, 0, 0, 4, 117.83, 219493, 11878
2890, 0, 953, 954, 413, 27, 0.14%, 0, 0, 4, 106.11, 219863, 11878
2895, 0, 680, 954, 412, 26, 0.14%, 0, 0, 4, 114.96, 220245, 11878
2901, 0, 680, 954, 412, 26, 0.14%, 0, 0, 4, 113.09, 220729, 11878
2906, 0, 680, 954, 412, 26, 0.14%, 0, 0, 4, 108.61, 221237, 11878
2911, 0, 950, 956, 414, 26, 0.14%, 0, 0, 4, 86.95, 221616, 11879
2916, 0, 950, 957, 415, 26, 0.14%, 0, 0, 4, 84.91, 222011, 11879
2921, 0, 774, 958, 415, 26, 0.14%, 0, 0, 4, 32.03, 222269, 11925
2926, 0, 759, 958, 415, 27, 0.14%, 0, 0, 4, 89.64, 222661, 11925
2931, 0, 759, 958, 415, 27, 0.14%, 0, 0, 4, 102.43, 223147, 11925
2936, 0, 759, 958, 415, 27, 0.14%, 0, 0, 4, 111.16, 223705, 11925
2941, 0, 954, 958, 415, 27, 0.14%, 0, 0, 4, 92.26, 224149, 11925
2946, 0, 868, 958, 414, 26, 0.14%, 0, 0, 4, 97.51, 224623, 11925
2951, 0, 755, 960, 415, 26, 0.14%, 0, 0, 4, 107.15, 224910, 11925
2956, 0, 951, 961, 416, 26, 0.14%, 0, 0, 4, 91.32, 225322, 11925
2962, 0, 957, 962, 416, 26, 0.14%, 0, 0, 4, 76.27, 225667, 11929
2967, 0, 960, 964, 417, 27, 0.14%, 0, 0, 5, 124.14, 226066, 11931
2972, 0, 826, 965, 417, 26, 0.14%, 0, 0, 5, 107.26, 226518, 11932
2977, 0, 360, 965, 417, 27, 0.14%, 0, 0, 5, 142.82, 226956, 11932
2982, 0, 952, 965, 417, 27, 0.14%, 0, 0, 5, 30.97, 227430, 11932
2987, 0, 618, 965, 416, 26, 0.14%, 0, 0, 5, 141.46, 227895, 11932
2992, 0, 618, 965, 416, 26, 0.14%, 0, 0, 5, 78.05, 228370, 11932
2997, 0, 618, 965, 416, 26, 0.14%, 0, 0, 5, 89.30, 228869, 11932
3002, 0, 961, 965, 416, 26, 0.14%, 0, 0, 5, 97.24, 229337, 11932
3007, 0, 359, 966, 416, 26, 0.14%, 0, 0, 5, 85.07, 229679, 11935
3012, 0, 359, 966, 416, 26, 0.14%, 0, 0, 5, 34.15, 229796, 11935
3018, 0, 600, 966, 415, 25, 0.14%, 0, 0, 5, 114.80, 229948, 11935
3023, 0, 600, 967, 416, 25, 0.14%, 0, 0, 5, 11.24, 230315, 11935
3028, 0, 330, 967, 416, 25, 0.14%, 0, 0, 5, 111.38, 230827, 11935
3033, 0, 448, 967, 416, 25, 0.14%, 0, 0, 5, 103.79, 231310, 11935
3038, 0, 546, 967, 415, 24, 0.14%, 0, 0, 5, 91.64, 231767, 11935
3043, 0, 546, 967, 415, 24, 0.14%, 0, 0, 5, 67.11, 232155, 11935
3048, 0, 962, 967, 415, 24, 0.14%, 0, 0, 5, 83.97, 232585, 11935
3053, 0, 957, 967, 414, 23, 0.14%, 0, 0, 5, 60.30, 232891, 11935
3058, 0, 965, 970, 417, 23, 0.14%, 0, 0, 5, 76.35, 233293, 11964
3063, 0, 965, 971, 418, 23, 0.14%, 0, 0, 5, 50.16, 233723, 11964
3068, 0, 965, 971, 418, 23, 0.14%, 0, 0, 5, 74.06, 234136, 11964
3074, 0, 965, 972, 419, 23, 0.14%, 0, 0, 5, 79.82, 234560, 11972
3079, 0, 965, 973, 420, 23, 0.14%, 0, 0, 5, 145.59, 235013, 11981
3084, 0, 965, 974, 421, 23, 0.14%, 0, 0, 5, 67.75, 235501, 11986
3089, 0, 965, 974, 421, 23, 0.14%, 0, 0, 5, 105.38, 235888, 11986
3094, 0, 965, 974, 421, 23, 0.14%, 0, 0, 5, 46.63, 236257, 11986
3099, 0, 965, 974, 421, 23, 0.14%, 0, 0, 5, 83.48, 236689, 11986
3105, 0, 965, 974, 421, 23, 0.14%, 0, 0, 5, 80.79, 237073, 11986
3110, 0, 965, 974, 421, 23, 0.14%, 0, 0, 5, 69.71, 237434, 11986
3115, 0, 965, 974, 421, 23, 0.14%, 0, 0, 5, 78.37, 237852, 11986
3120, 0, 965, 974, 421, 23, 0.14%, 0, 0, 5, 91.19, 238315, 11986
3125, 0, 965, 974, 421, 23, 0.14%, 0, 0, 5, 85.95, 238733, 11986
3130, 0, 965, 975, 422, 23, 0.14%, 0, 0, 5, 126.59, 239189, 11987
3135, 0, 965, 976, 423, 23, 0.14%, 0, 0, 5, 86.84, 239580, 11989
3140, 0, 854, 976, 422, 30, 0.14%, 0, 0, 5, 86.87, 239929, 11989
3145, 0, 967, 976, 421, 29, 0.14%, 0, 0, 5, 41.27, 240324, 11989
3151, 0, 971, 977, 421, 29, 0.14%, 0, 0, 6, 7.17, 240634, 11991
3156, 0, 971, 977, 421, 29, 0.14%, 0, 0, 6, 125.60, 240980, 11991
3161, 0, 972, 977, 420, 28, 0.14%, 0, 0, 6, 135.14, 241353, 11991
3166, 0, 280, 977, 419, 27, 0.14%, 0, 0, 6, 96.91, 241736, 11991
3171, 0, 280, 977, 419, 27, 0.14%, 0, 0, 6, 93.17, 242182, 11991
3176, 0, 280, 977, 419, 27, 0.14%, 0, 0, 6, 123.65, 242651, 11991
3181, 0, 975, 977, 419, 27, 0.14%, 0, 0, 6, 100.74, 243082, 11991
3188, 0, 968, 979, 420, 28, 0.14%, 0, 0, 6, 93.02, 243523, 12010
3193, 0, 968, 980, 421, 28, 0.14%, 0, 0, 6, 98.49, 244022, 12010
3198, 0, 931, 980, 420, 28, 0.14%, 0, 0, 6, 42.76, 244272, 12010
3203, 0, 976, 980, 419, 27, 0.14%, 0, 0, 6, 72.01, 244671, 12010
3208, 0, 976, 982, 421, 27, 0.14%, 0, 0, 7, 74.87, 245044, 12015
3213, 0, 975, 982, 419, 28, 0.14%, 0, 0, 7, 83.09, 245398, 12015
3219, 0, 975, 982, 419, 28, 0.14%, 0, 0, 7, 22.30, 245791, 12015
3224, 0, 980, 989, 426, 28, 0.14%, 0, 0, 8, 103.79, 246170, 12101
3229, 0, 980, 990, 427, 28, 0.14%, 0, 0, 8, 100.12, 246665, 12104
3234, 0, 980, 992, 429, 28, 0.14%, 0, 0, 8, 104.38, 247181, 12109
3239, 0, 980, 993, 430, 28, 0.14%, 0, 0, 8, 87.62, 247566, 12124
3244, 0, 980, 995, 432, 28, 0.14%, 0, 0, 8, 101.82, 248082, 12125
3249, 0, 980, 996, 433, 28, 0.14%, 0, 0, 8, 82.25, 248478, 12128
3255, 0, 980, 996, 433, 28, 0.14%, 0, 0, 8, 113.81, 249101, 12128
3260, 0, 980, 996, 433, 28, 0.14%, 0, 0, 8, 13.80, 249572, 12128
3265, 0, 980, 996, 433, 28, 0.14%, 0, 0, 8, 117.70, 250039, 12128
3270, 0, 980, 996, 433, 28, 0.14%, 0, 0, 8, 125.57, 250567, 12128
3276, 0, 980, 1003, 440, 28, 0.15%, 0, 0, 8, 96.34, 250881, 12264
3281, 0, 974, 1004, 440, 41, 0.15%, 0, 0, 8, 1.55, 251276, 12265
3287, 0, 974, 1004, 440, 41, 0.15%, 0, 0, 8, 99.48, 251722, 12265
3292, 0, 990, 1008, 443, 40, 0.15%, 0, 0, 9, 75.71, 251995, 12286
3297, 0, 990, 1008, 443, 40, 0.15%, 0, 0, 9, 81.88, 252418, 12286
3302, 0, 990, 1008, 443, 40, 0.15%, 0, 0, 9, 91.95, 252882, 12286
3307, 0, 990, 1009, 444, 40, 0.15%, 0, 0, 9, 91.91, 253325, 12309
3312, 0, 990, 1009, 444, 40, 0.15%, 0, 0, 9, 93.79, 253816, 12309
3317, 0, 990, 1009, 444, 40, 0.15%, 0, 0, 9, 89.15, 254290, 12309
3323, 0, 990, 1010, 445, 40, 0.15%, 0, 0, 9, 84.27, 254732, 12310
3328, 0, 990, 1010, 445, 40, 0.15%, 0, 0, 9, 89.82, 255182, 12310
3333, 0, 990, 1010, 445, 40, 0.15%, 0, 0, 9, 126.66, 255692, 12310
3338, 0, 1003, 1010, 444, 42, 0.15%, 0, 0, 9, 64.71, 255993, 12310
3343, 0, 1003, 1011, 445, 42, 0.15%, 0, 0, 9, 88.37, 256462, 12312
3348, 0, 1006, 1011, 444, 42, 0.15%, 0, 0, 9, 74.68, 256748, 12312
3353, 0, 969, 1011, 443, 41, 0.15%, 0, 0, 9, 62.31, 257050, 12312
3358, 0, 969, 1012, 444, 41, 0.15%, 0, 0, 9, 57.91, 257309, 12314
3364, 0, 991, 1012, 443, 41, 0.15%, 0, 0, 9, 122.02, 257629, 12314
3369, 0, 991, 1012, 443, 41, 0.15%, 0, 0, 9, 105.60, 258111, 12314
3374, 0, 388, 1012, 442, 40, 0.15%, 0, 0, 9, 114.02, 258654, 12314
3379, 0, 388, 1012, 442, 40, 0.15%, 0, 0, 9, 88.35, 259049, 12314
3384, 0, 981, 1012, 442, 40, 0.15%, 0, 0, 9, 8.13, 259447, 12314
3389, 0, 656, 1012, 441, 39, 0.15%, 0, 0, 9, 110.32, 259907, 12314
3394, 0, 416, 1012, 441, 39, 0.15%, 0, 0, 9, 104.71, 260431, 12314
3399, 0, 992, 1013, 442, 39, 0.15%, 0, 0, 9, 85.51, 260798, 12316
3404, 0, 992, 1013, 442, 39, 0.15%, 0, 0, 9, 74.66, 261134, 12316
3410, 0, 992, 1013, 442, 39, 0.15%, 0, 0, 9, 75.13, 261553, 12316
3415, 0, 973, 1014, 442, 39, 0.15%, 0, 0, 9, 77.63, 261871, 12317
3420, 0, 973, 1014, 442, 39, 0.15%, 0, 0, 9, 92.50, 262359, 12317
3425, 0, 979, 1014, 441, 39, 0.15%, 0, 0, 9, 115.59, 262706, 12317
3430, 0, 1010, 1014, 440, 38, 0.15%, 0, 0, 9, 62.89, 263054, 12317
3435, 0, 1010, 1016, 442, 38, 0.15%, 0, 0, 10, 76.33, 263448, 12318
3440, 0, 1013, 1016, 441, 37, 0.15%, 0, 0, 10, 82.01, 263717, 12318
3446, 0, 989, 1016, 440, 36, 0.15%, 0, 0, 10, 81.51, 264032, 12318
3451, 0, 989, 1016, 440, 36, 0.15%, 0, 0, 10, 109.42, 264587, 12318
3456, 0, 988, 1016, 439, 35, 0.15%, 0, 0, 10, 87.76, 265017, 12318
3461, 0, 204, 1016, 438, 34, 0.15%, 0, 0, 10, 28.83, 265355, 12318
3466, 0, 204, 1016, 438, 34, 0.15%, 0, 0, 10, 44.74, 265598, 12318
3471, 0, 977, 1017, 437, 32, 0.15%, 0, 0, 10, 94.61, 266131, 12346
3476, 0, 977, 1018, 438, 32, 0.15%, 0, 0, 10, 118.16, 266639, 12346
3481, 0, 977, 1018, 438, 32, 0.15%, 0, 0, 10, 19.88, 266978, 12346
3486, 0, 31, 1018, 437, 32, 0.15%, 0, 0, 10, 6.30, 267315, 12346
3492, 0, 1016, 1018, 437, 32, 0.15%, 0, 0, 10, 82.05, 267606, 12346
3497, 0, 303, 1018, 435, 30, 0.15%, 0, 0, 10, 91.99, 268122, 12346
3502, 0, 303, 1018, 435, 30, 0.15%, 0, 0, 10, 126.75, 268521, 12346
3507, 0, 125, 1018, 435, 30, 0.15%, 0, 0, 10, 129.64, 269003, 12346
3512, 0, 125, 1018, 435, 30, 0.15%, 0, 0, 10, 101.00, 269451, 12346
3517, 0, 125, 1018, 435, 30, 0.15%, 0, 0, 10, 100.02, 269925, 12346
3522, 0, 996, 1018, 435, 30, 0.15%, 0, 0, 10, 98.83, 270392, 12346
3527, 0, 996, 1018, 435, 30, 0.15%, 0, 0, 10, 97.16, 270851, 12346
3532, 0, 996, 1018, 435, 30, 0.15%, 0, 0, 10, 73.12, 271178, 12346
3537, 0, 993, 1018, 434, 29, 0.15%, 0, 0, 10, 84.69, 271616, 12346
3542, 0, 993, 1018, 434, 29, 0.15%, 0, 0, 10, 85.84, 272034, 12346
3547, 0, 1007, 1018, 433, 28, 0.15%, 0, 0, 10, 91.10, 272477, 12346
3553, 0, 998, 1018, 432, 27, 0.15%, 0, 0, 10, 83.79, 272847, 12346
3558, 0, 998, 1018, 432, 27, 0.15%, 0, 0, 10, 91.84, 273328, 12346
3563, 0, 995, 1018, 431, 26, 0.15%, 0, 0, 10, 91.67, 273804, 12346
3568, 0, 995, 1018, 431, 26, 0.15%, 0, 0, 10, 87.92, 274217, 12346
3573, 0, 301, 1018, 430, 25, 0.15%, 0, 0, 10, 95.53, 274705, 12346
3578, 0, 301, 1018, 430, 25, 0.15%, 0, 0, 10, 132.61, 275160, 12346
3583, 0, 301, 1018, 430, 25, 0.15%, 0, 0, 10, 15.44, 275658, 12346
3589, 0, 918, 1018, 430, 25, 0.15%, 0, 0, 10, 104.70, 276136, 12346
3594, 0, 476, 1018, 430, 25, 0.15%, 0, 0, 10, 107.14, 276676, 12346
3599, 0, 650, 1018, 430, 25, 0.15%, 0, 0, 10, 97.15, 277152, 12346
3604, 0, 650, 1018, 430, 25, 0.15%, 0, 0, 10, 84.16, 277595, 12346
3609, 0, 598, 1018, 430, 25, 0.15%, 0, 0, 10, 93.44, 278071, 12346
3614, 0, 944, 1018, 429, 24, 0.15%, 0, 0, 10, 104.40, 278600, 12346
3620, 0, 210, 1019, 429, 23, 0.15%, 0, 0, 10, 17.19, 278863, 12349
3625, 0, 210, 1019, 429, 23, 0.15%, 0, 0, 10, 22.23, 278969, 12349
3630, 0, 388, 1019, 428, 23, 0.15%, 0, 0, 10, 88.69, 279138, 12349
3635, 0, 983, 1019, 428, 23, 0.15%, 0, 0, 10, 82.79, 279538, 12349
3641, 0, 983, 1019, 428, 23, 0.15%, 0, 0, 10, 115.69, 279879, 12349
3646, 0, 680, 1019, 427, 22, 0.15%, 0, 0, 10, 86.27, 280270, 12349
3651, 0, 680, 1019, 427, 22, 0.15%, 0, 0, 10, 106.75, 280813, 12349
3656, 0, 680, 1019, 427, 22, 0.15%, 0, 0, 10, 99.72, 281249, 12349
3661, 0, 959, 1020, 428, 22, 0.15%, 0, 0, 10, 88.59, 281624, 12349
3666, 0, 543, 1021, 428, 22, 0.15%, 0, 0, 10, 4.68, 281973, 12349
3671, 0, 426, 1021, 428, 22, 0.15%, 0, 0, 10, 86.29, 282440, 12349
3676, 0, 426, 1021, 428, 22, 0.15%, 0, 0, 10, 73.81, 282794, 12349
3682, 0, 919, 1022, 429, 22, 0.15%, 0, 0, 10, 68.25, 283178, 12349
3687, 0, 898, 1022, 428, 21, 0.15%, 0, 0, 10, 44.61, 283385, 12349
3692, 0, 898, 1023, 429, 21, 0.15%, 0, 0, 10, 31.29, 283479, 12350
3697, 0, 898, 1023, 429, 21, 0.15%, 0, 0, 10, 25.72, 283599, 12350
3702, 0, 467, 1023, 428, 21, 0.15%, 0, 0, 10, 147.78, 283877, 12350
3707, 0, 978, 1023, 428, 21, 0.15%, 0, 0, 10, 117.41, 284327, 12350
3712, 0, 733, 1023, 427, 20, 0.15%, 0, 0, 10, 97.63, 284780, 12350
3717, 0, 733, 1023, 427, 20, 0.15%, 0, 0, 10, 91.68, 285208, 12350
3722, 0, 473, 1023, 427, 20, 0.15%, 0, 0, 10, 137.58, 285662, 12350
3727, 0, 334, 1023, 427, 20, 0.15%, 0, 0, 10, 140.16, 286108, 12350
3733, 0, 334, 1023, 427, 20, 0.15%, 0, 0, 10, 15.42, 286613, 12350
3738, 0, 234, 1023, 427, 20, 0.15%, 0, 0, 10, 114.95, 287145, 12350
3743, 0, 234, 1024, 428, 20, 0.15%, 0, 0, 10, 147.06, 287664, 12351
3748, 0, 234, 1024, 428, 20, 0.15%, 0, 0, 10, 143.56, 288169, 12351
3753, 0, 424, 1024, 428, 21, 0.15%, 0, 0, 10, 129.75, 288636, 12351
3758, 0, 726, 1024, 428, 21, 0.15%, 0, 0, 10, 108.39, 289112, 12351
3764, 0, 303, 1025, 429, 21, 0.15%, 0, 0, 10, 85.73, 289516, 12351
3769, 0, 1023, 1025, 429, 21, 0.15%, 0, 0, 10, 98.28, 290031, 12351
3774, 0, 918, 1025, 428, 20, 0.15%, 0, 0, 10, 126.85, 290408, 12351
3779, 0, 312, 1025, 428, 20, 0.15%, 0, 0, 10, 108.49, 290916, 12351
3784, 0, 312, 1025, 428, 20, 0.15%, 0, 0, 10, 106.07, 291396, 12351
3789, 0, 312, 1025, 428, 20, 0.15%, 0, 0, 10, 103.04, 291894, 12351
3794, 0, 673, 1025, 428, 20, 0.15%, 0, 0, 10, 86.79, 292360, 12351
3800, 0, 290, 1025, 427, 20, 0.15%, 0, 0, 10, 92.20, 292815, 12351
3805, 0, 950, 1025, 426, 19, 0.15%, 0, 0, 10, 99.71, 293317, 12351
3810, 0, 950, 1026, 427, 19, 0.15%, 0, 0, 10, 79.94, 293672, 12351
3815, 0, 950, 1026, 427, 19, 0.15%, 0, 0, 10, 88.22, 293935, 12351
3820, 0, 755, 1026, 426, 18, 0.15%, 0, 0, 10, 80.89, 294333, 12351
3825, 0, 1026, 1027, 427, 19, 0.15%, 0, 0, 10, 60.55, 294617, 12351
3831, 0, 1008, 1027, 426, 18, 0.15%, 0, 0, 10, 94.20, 295128, 12351
3836, 0, 1020, 1027, 424, 16, 0.15%, 0, 0, 10, 108.12, 295556, 12351
3842, 0, 31, 1028, 424, 16, 0.15%, 0, 0, 10, 16.78, 296000, 12351
3847, 0, 476, 1028, 424, 16, 0.15%, 0, 0, 10, 142.69, 296279, 12351
3852, 0, 163, 1028, 424, 16, 0.15%, 0, 0, 10, 59.82, 296611, 12351
3857, 0, 163, 1028, 424, 16, 0.15%, 0, 0, 10, 73.95, 297003, 12351
3862, 0, 163, 1028, 424, 16, 0.15%, 0, 0, 10, 80.35, 297376, 12351
3869, 0, 1018, 1029, 425, 16, 0.15%, 0, 0, 10, 13.20, 297614, 12376
3874, 0, 1018, 1029, 425, 16, 0.15%, 0, 0, 10, 20.74, 297728, 12376
3879, 0, 346, 1030, 425, 16, 0.15%, 0, 0, 10, 124.93, 298055, 12386
3884, 0, 346, 1033, 428, 16, 0.15%, 0, 0, 10, 102.37, 298407, 12390
3889, 0, 346, 1033, 428, 16, 0.15%, 0, 0, 10, 100.99, 298893, 12390
3894, 0, 346, 1033, 428, 16, 0.15%, 0, 0, 10, 83.72, 299377, 12390
3899, 0, 346, 1034, 429, 16, 0.15%, 0, 0, 10, 95.73, 299840, 12391
3904, 0, 346, 1034, 429, 16, 0.15%, 0, 0, 10, 97.53, 300320, 12391
3909, 0, 346, 1034, 429, 16, 0.15%, 0, 0, 10, 96.80, 300811, 12391
3914, 0, 346, 1034, 429, 16, 0.15%, 0, 0, 10, 105.65, 301279, 12391
3920, 0, 346, 1034, 429, 16, 0.15%, 0, 0, 10, 103.01, 301781, 12391
3925, 0, 346, 1035, 430, 16, 0.15%, 0, 0, 10, 94.32, 302168, 12395
3930, 0, 346, 1035, 430, 16, 0.15%, 0, 0, 10, 112.55, 302747, 12395
3935, 0, 346, 1035, 430, 16, 0.15%, 0, 0, 10, 109.80, 303281, 12395
3940, 0, 346, 1035, 430, 16, 0.15%, 0, 0, 10, 110.76, 303843, 12395
3946, 0, 31, 1035, 430, 16, 0.15%, 0, 0, 10, 4.07, 304198, 12395
3951, 0, 1028, 1035, 430, 16, 0.15%, 0, 0, 10, 25.93, 304313, 12395
3956, 0, 1028, 1035, 430, 16, 0.15%, 0, 0, 10, 19.84, 304407, 12395
3961, 0, 447, 1035, 429, 15, 0.15%, 0, 0, 10, 139.80, 304622, 12395
3966, 0, 447, 1035, 429, 15, 0.15%, 0, 0, 10, 101.94, 305046, 12395
3972, 0, 1005, 1036, 430, 15, 0.15%, 0, 0, 10, 88.22, 305452, 12395
3977, 0, 726, 1037, 429, 13, 0.15%, 0, 0, 10, 94.72, 305924, 12395
3982, 0, 726, 1037, 429, 13, 0.15%, 0, 0, 10, 117.21, 306404, 12395
3987, 0, 212, 1037, 429, 13, 0.15%, 0, 0, 10, 131.31, 306977, 12395
3992, 0, 212, 1037, 429, 13, 0.15%, 0, 0, 10, 99.59, 307415, 12395
3997, 0, 703, 1037, 429, 13, 0.15%, 0, 0, 10, 140.44, 307904, 12395
4003, 0, 954, 1037, 429, 13, 0.15%, 0, 0, 10, 56.42, 308342, 12395
4008, 0, 954, 1037, 429, 13, 0.15%, 0, 0, 10, 86.16, 308823, 12395
4013, 0, 954, 1037, 429, 13, 0.15%, 0, 0, 10, 76.09, 309189, 12395
4018, 0, 954, 1037, 429, 13, 0.15%, 0, 0, 10, 84.55, 309618, 12395
4023, 0, 954, 1037, 429, 13, 0.15%, 0, 0, 10, 92.20, 310055, 12395
4028, 0, 954, 1037, 429, 13, 0.15%, 0, 0, 10, 93.84, 310481, 12395
4033, 0, 159, 1037, 429, 13, 0.15%, 0, 0, 10, 97.19, 310888, 12395
4039, 0, 159, 1038, 430, 13, 0.15%, 0, 0, 10, 107.30, 311339, 12395
4044, 0, 159, 1038, 430, 13, 0.15%, 0, 0, 10, 129.59, 311744, 12395
4049, 0, 189, 1038, 430, 13, 0.15%, 0, 0, 10, 99.61, 312206, 12395
4054, 0, 189, 1038, 430, 13, 0.15%, 0, 0, 10, 132.33, 312684, 12395
4059, 0, 1027, 1039, 431, 13, 0.15%, 0, 0, 10, 107.37, 313184, 12395
4064, 0, 1027, 1040, 432, 13, 0.15%, 0, 0, 10, 102.06, 313705, 12395
4069, 0, 1027, 1041, 433, 13, 0.15%, 0, 0, 10, 91.19, 314158, 12397
4074, 0, 1027, 1041, 433, 13, 0.15%, 0, 0, 10, 96.50, 314656, 12397
4079, 0, 1022, 1041, 432, 13, 0.15%, 0, 0, 10, 16.26, 314770, 12397
4084, 0, 1022, 1042, 433, 13, 0.15%, 0, 0, 10, 19.34, 314863, 12403
4089, 0, 1022, 1042, 433, 13, 0.15%, 0, 0, 10, 21.09, 314970, 12403
4095, 0, 440, 1042, 432, 13, 0.15%, 0, 0, 10, 83.04, 315219, 12403
4100, 0, 212, 1042, 432, 13, 0.15%, 0, 0, 10, 104.88, 315767, 12403
4105, 0, 574, 1043, 433, 14, 0.15%, 0, 0, 10, 117.41, 316076, 12404
4110, 0, 327, 1043, 432, 13, 0.15%, 0, 0, 10, 21.98, 316595, 12404
4115, 0, 327, 1043, 432, 13, 0.15%, 0, 0, 10, 24.82, 317046, 12404
4121, 0, 76, 1043, 432, 13, 0.15%, 0, 0, 10, 125.05, 317622, 12404
4126, 0, 726, 1043, 431, 13, 0.15%, 0, 0, 10, 22.05, 318096, 12404
4131, 0, 358, 1043, 431, 13, 0.15%, 0, 0, 10, 15.09, 318258, 12404
4137, 0, 358, 1044, 432, 13, 0.15%, 0, 0, 10, 18.18, 318340, 12406
4142, 0, 358, 1044, 432, 13, 0.15%, 0, 0, 10, 12.97, 318395, 12406
4147, 0, 753, 1044, 431, 13, 0.15%, 0, 0, 10, 97.42, 318639, 12406
4152, 0, 288, 1044, 430, 12, 0.15%, 0, 0, 10, 93.49, 319133, 12406
4157, 0, 288, 1044, 430, 12, 0.15%, 0, 0, 10, 80.22, 319489, 12406
4162, 0, 288, 1044, 430, 12, 0.15%, 0, 0, 10, 103.79, 320043, 12406
4167, 0, 31, 1044, 430, 12, 0.15%, 0, 0, 10, 9.54, 320380, 12406
4172, 0, 265, 1044, 429, 11, 0.15%, 0, 0, 10, 88.66, 320817, 12406
4177, 0, 816, 1044, 429, 11, 0.15%, 0, 0, 10, 124.22, 321336, 12406
4182, 0, 816, 1044, 429, 11, 0.15%, 0, 0, 10, 128.37, 321847, 12406
4187, 0, 1026, 1044, 429, 11, 0.15%, 0, 0, 10, 114.08, 322261, 12406
4192, 0, 1026, 1044, 429, 11, 0.15%, 0, 0, 10, 105.77, 322780, 12406
4197, 0, 3, 1044, 429, 11, 0.15%, 0, 0, 10, 86.31, 323198, 12406
4203, 0, 3, 1044, 429, 11, 0.15%, 0, 0, 10, 70.16, 323555, 12406
4208, 0, 3, 1044, 429, 11, 0.15%, 0, 0, 10, 88.13, 324058, 12406
4213, 0, 654, 1044, 429, 11, 0.15%, 0, 0, 10, 84.28, 324492, 12406
4218, 0, 1040, 1045, 430, 11, 0.15%, 0, 0, 10, 92.78, 324898, 12406
4223, 0, 395, 1046, 430, 11, 0.15%, 0, 0, 10, 131.31, 325317, 12406
4228, 0, 395, 1046, 430, 11, 0.15%, 0, 0, 10, 69.87, 325769, 12406
4233, 0, 31, 1046, 430, 11, 0.15%, 0, 0, 10, 25.21, 326123, 12406
4239, 0, 714, 1046, 430, 11, 0.15%, 0, 0, 10, 75.42, 326535, 12406
4244, 0, 714, 1046, 430, 11, 0.15%, 0, 0, 10, 95.35, 327036, 12406
4249, 0, 593, 1046, 430, 11, 0.15%, 0, 0, 10, 97.26, 327521, 12406
4254, 0, 68, 1046, 430, 11, 0.15%, 0, 0, 10, 89.60, 327937, 12406
4259, 0, 68, 1046, 430, 11, 0.15%, 0, 0, 10, 86.81, 328362, 12406
4264, 0, 68, 1046, 430, 11, 0.15%, 0, 0, 10, 106.71, 328915, 12406
4269, 0, 455, 1046, 430, 11, 0.15%, 0, 0, 10, 98.57, 329309, 12406
4274, 0, 455, 1046, 430, 11, 0.15%, 0, 0, 10, 90.46, 329788, 12406
4279, 0, 515, 1046, 430, 11, 0.15%, 0, 0, 10, 126.30, 330381, 12406
4284, 0, 683, 1047, 431, 12, 0.15%, 0, 0, 10, 40.33, 330715, 12412
4290, 0, 1045, 1049, 433, 12, 0.15%, 0, 0, 10, 135.24, 331205, 12412
4295, 0, 1045, 1049, 433, 12, 0.15%, 0, 0, 10, 131.91, 331728, 12412
4300, 0, 299, 1049, 432, 11, 0.15%, 0, 0, 10, 116.69, 332031, 12412
4305, 0, 370, 1049, 432, 11, 0.15%, 0, 0, 10, 121.04, 332321, 12412
4310, 0, 427, 1049, 432, 11, 0.15%, 0, 0, 10, 142.06, 332825, 12412
4315, 0, 427, 1049, 432, 11, 0.15%, 0, 0, 10, 121.91, 333390, 12412
4320, 0, 31, 1049, 432, 11, 0.15%, 0, 0, 10, 30.90, 333632, 12412
4325, 0, 592, 1049, 432, 11, 0.15%, 0, 0, 10, 55.61, 333916, 12412
4331, 0, 312, 1049, 432, 11, 0.15%, 0, 0, 10, 92.39, 334445, 12412
4336, 0, 312, 1049, 432, 11, 0.15%, 0, 0, 10, 18.52, 334818, 12412
4341, 0, 706, 1049, 432, 11, 0.15%, 0, 0, 10, 142.06, 335266, 12412
4346, 0, 950, 1049, 432, 11, 0.15%, 0, 0, 10, 76.82, 335702, 12412
4351, 0, 57, 1049, 432, 11, 0.15%, 0, 0, 10, 99.36, 336210, 12412
4356, 0, 132, 1049, 432, 11, 0.15%, 0, 0, 10, 86.25, 336648, 12412
4362, 0, 1026, 1049, 432, 11, 0.15%, 0, 0, 10, 93.68, 337154, 12412
4367, 0, 1026, 1049, 432, 11, 0.15%, 0, 0, 10, 141.63, 337523, 12412
4372, 0, 1026, 1049, 432, 11, 0.15%, 0, 0, 10, 67.50, 337936, 12412
4377, 0, 917, 1049, 432, 11, 0.15%, 0, 0, 10, 104.26, 338494, 12412
4382, 0, 917, 1049, 432, 11, 0.15%, 0, 0, 10, 99.39, 338970, 12412
4387, 0, 301, 1049, 432, 11, 0.15%, 0, 0, 10, 81.18, 339357, 12412
4392, 0, 301, 1049, 432, 11, 0.15%, 0, 0, 10, 107.65, 339889, 12412
4397, 0, 31, 1049, 432, 11, 0.15%, 0, 0, 10, 56.16, 340181, 12412
4402, 0, 149, 1049, 432, 11, 0.15%, 0, 0, 10, 84.37, 340632, 12412
4408, 0, 735, 1049, 432, 11, 0.15%, 0, 0, 10, 61.50, 340943, 12412
4413, 0, 319, 1049, 431, 10, 0.15%, 0, 0, 10, 77.63, 341297, 12412
4418, 0, 346, 1049, 431, 10, 0.15%, 0, 0, 10, 106.18, 341864, 12412
4423, 0, 133, 1049, 430, 9, 0.15%, 0, 0, 10, 107.10, 342403, 12412
4428, 0, 282, 1049, 430, 9, 0.15%, 0, 0, 10, 93.01, 342850, 12412
4433, 0, 343, 1049, 430, 9, 0.15%, 0, 0, 10, 143.74, 343187, 12412
4438, 0, 343, 1049, 430, 9, 0.15%, 0, 0, 10, 23.47, 343435, 12412
4443, 0, 343, 1049, 430, 9, 0.15%, 0, 0, 10, 15.04, 343898, 12412
4449, 0, 258, 1049, 430, 9, 0.15%, 0, 0, 10, 70.47, 344384, 12412
4454, 0, 517, 1049, 430, 9, 0.15%, 0, 0, 10, 92.58, 344818, 12412
4459, 0, 517, 1049, 430, 9, 0.15%, 0, 0, 10, 101.26, 345209, 12412
4464, 0, 517, 1049, 430, 9, 0.15%, 0, 0, 10, 104.30, 345725, 12412
4469, 0, 690, 1049, 430, 9, 0.15%, 0, 0, 10, 147.78, 346210, 12412
4474, 0, 690, 1049, 430, 9, 0.15%, 0, 0, 10, 94.86, 346690, 12412
4479, 0, 1043, 1049, 430, 9, 0.15%, 0, 0, 10, 15.70, 346865, 12412
4484, 0, 1043, 1049, 430, 9, 0.15%, 0, 0, 10, 15.17, 346940, 12412
4489, 0, 1002, 1049, 429, 8, 0.15%, 0, 0, 10, 16.00, 347016, 12412
4494, 0, 1011, 1049, 428, 7, 0.15%, 0, 0, 10, 85.01, 347431, 12412
4500, 0, 301, 1049, 427, 6, 0.15%, 0, 0, 10, 75.49, 347779, 12412
4505, 0, 301, 1049, 427, 6, 0.15%, 0, 0, 10, 77.49, 348162, 12412
4510, 0, 646, 1049, 427, 6, 0.15%, 0, 0, 10, 100.92, 348684, 12412
4515, 0, 646, 1049, 427, 6, 0.15%, 0, 0, 10, 102.86, 349232, 12412
4520, 0, 123, 1049, 427, 6, 0.15%, 0, 0, 10, 88.44, 349603, 12412
4525, 0, 474, 1049, 427, 6, 0.15%, 0, 0, 10, 138.86, 350138, 12412
4530, 0, 247, 1049, 427, 6, 0.15%, 0, 0, 10, 113.19, 350659, 12412
4535, 0, 247, 1049, 427, 6, 0.15%, 0, 0, 10, 79.84, 351061, 12412
4540, 0, 31, 1049, 427, 6, 0.15%, 0, 0, 10, 22.10, 351526, 12412
4546, 0, 25, 1049, 427, 6, 0.15%, 0, 0, 10, 58.31, 351886, 12412
4551, 0, 146, 1049, 426, 6, 0.15%, 0, 0, 10, 86.59, 352379, 12412
4556, 0, 774, 1050, 427, 7, 0.15%, 0, 0, 10, 126.21, 352687, 12414
4561, 0, 957, 1050, 427, 7, 0.15%, 0, 0, 10, 90.28, 353088, 12414
4566, 0, 546, 1050, 427, 7, 0.15%, 0, 0, 10, 69.58, 353387, 12414
4571, 0, 546, 1050, 427, 7, 0.15%, 0, 0, 10, 85.63, 353851, 12414
4577, 0, 301, 1050, 427, 7, 0.15%, 0, 0, 10, 60.07, 354111, 12414
4582, 0, 301, 1050, 427, 7, 0.15%, 0, 0, 10, 81.89, 354545, 12414
4587, 0, 427, 1050, 427, 7, 0.15%, 0, 0, 10, 107.98, 355073, 12414
4592, 0, 1049, 1050, 427, 7, 0.15%, 0, 0, 10, 95.47, 355536, 12414
4597, 0, 75, 1052, 428, 6, 0.15%, 0, 0, 10, 61.23, 355986, 12414
4602, 0, 75, 1053, 429, 6, 0.15%, 0, 0, 10, 110.24, 356593, 12414
4607, 0, 75, 1054, 430, 6, 0.15%, 0, 0, 10, 119.63, 357196, 12414
4612, 0, 75, 1055, 431, 6, 0.15%, 0, 0, 10, 123.50, 357824, 12414
4617, 0, 75, 1055, 431, 6, 0.15%, 0, 0, 10, 119.58, 358414, 12414
4622, 0, 75, 1055, 431, 6, 0.15%, 0, 0, 10, 121.95, 359028, 12414
4628, 0, 75, 1055, 431, 6, 0.15%, 0, 0, 10, 125.57, 359678, 12414
4633, 0, 75, 1055, 431, 6, 0.15%, 0, 0, 10, 123.25, 360304, 12414
4638, 0, 75, 1055, 431, 6, 0.15%, 0, 0, 10, 127.80, 360922, 12414
4643, 0, 75, 1056, 432, 6, 0.15%, 0, 0, 10, 115.82, 361498, 12414
4648, 0, 664, 1056, 432, 7, 0.15%, 0, 0, 10, 123.81, 361828, 12414
4653, 0, 664, 1056, 432, 7, 0.15%, 0, 0, 10, 108.55, 362311, 12414
4658, 0, 21, 1056, 432, 7, 0.15%, 0, 0, 10, 59.63, 362688, 12414
4663, 0, 1053, 1056, 432, 7, 0.15%, 0, 0, 10, 88.32, 363115, 12414
4669, 0, 161, 1056, 431, 6, 0.15%, 0, 0, 10, 70.91, 363479, 12414
4674, 0, 249, 1056, 431, 6, 0.15%, 0, 0, 10, 9.26, 363706, 12414
4679, 0, 249, 1057, 432, 6, 0.15%, 0, 0, 10, 10.73, 363759, 12414
4684, 0, 249, 1058, 433, 6, 0.15%, 0, 0, 10, 11.91, 363811, 12414
4689, 0, 249, 1058, 433, 6, 0.15%, 0, 0, 10, 21.20, 363918, 12414
4694, 0, 56, 1058, 432, 5, 0.15%, 0, 0, 10, 66.41, 364089, 12414
4700, 0, 56, 1058, 432, 5, 0.15%, 0, 0, 10, 86.20, 364515, 12414
4705, 0, 450, 1058, 432, 5, 0.15%, 0, 0, 10, 83.58, 364891, 12414
4710, 0, 79, 1058, 432, 5, 0.15%, 0, 0, 10, 82.34, 365299, 12414
4715, 0, 79, 1058, 432, 5, 0.15%, 0, 0, 10, 115.42, 365737, 12414
4720, 0, 79, 1058, 432, 5, 0.15%, 0, 0, 10, 118.74, 366293, 12414
4725, 0, 615, 1058, 431, 5, 0.15%, 0, 0, 10, 124.01, 366695, 12414
4730, 0, 615, 1058, 431, 5, 0.15%, 0, 0, 10, 108.86, 367179, 12414
4736, 0, 214, 1058, 431, 5, 0.15%, 0, 0, 10, 9.01, 367278, 12414
4741, 0, 214, 1058, 431, 5, 0.15%, 0, 0, 10, 13.37, 367350, 12414
4746, 0, 214, 1058, 431, 5, 0.15%, 0, 0, 10, 11.12, 367397, 12414
4751, 0, 31, 1058, 430, 4, 0.15%, 0, 0, 10, 56.50, 367471, 12414
4756, 0, 186, 1058, 430, 4, 0.15%, 0, 0, 10, 30.99, 367654, 12414
4761, 0, 186, 1058, 430, 4, 0.15%, 0, 0, 10, 29.57, 367772, 12414
4766, 0, 681, 1058, 429, 3, 0.15%, 0, 0, 10, 47.75, 367998, 12414
4771, 0, 681, 1059, 430, 3, 0.15%, 0, 0, 10, 65.23, 368345, 12414
4776, 0, 1053, 1059, 430, 4, 0.15%, 0, 0, 10, 125.57, 368729, 12414
4782, 0, 1053, 1059, 430, 4, 0.15%, 0, 0, 10, 96.82, 369209, 12414
4787, 0, 303, 1059, 430, 4, 0.15%, 0, 0, 10, 140.54, 369599, 12414
4792, 0, 152, 1059, 430, 4, 0.15%, 0, 0, 10, 112.63, 370105, 12414
4797, 0, 152, 1059, 430, 4, 0.15%, 0, 0, 10, 95.02, 370613, 12414
4802, 0, 395, 1059, 430, 4, 0.15%, 0, 0, 10, 86.24, 370987, 12414
4807, 0, 57, 1059, 430, 4, 0.15%, 0, 0, 10, 92.61, 371450, 12414
4812, 0, 193, 1059, 430, 4, 0.15%, 0, 0, 10, 101.94, 371960, 12414
4817, 0, 193, 1059, 430, 4, 0.15%, 0, 0, 10, 100.51, 372466, 12414
4822, 0, 534, 1059, 430, 4, 0.15%, 0, 0, 10, 135.34, 372761, 12414
4827, 0, 546, 1059, 429, 4, 0.15%, 0, 0, 10, 83.02, 373218, 12414
4832, 0, 504, 1059, 429, 4, 0.15%, 0, 0, 10, 76.16, 373583, 12414
4837, 0, 504, 1059, 429, 4, 0.15%, 0, 0, 10, 114.26, 373959, 12414
4843, 0, 504, 1059, 429, 4, 0.15%, 0, 0, 10, 98.08, 374434, 12414
4848, 0, 504, 1059, 429, 4, 0.15%, 0, 0, 10, 30.57, 374774, 12414
4853, 0, 1058, 1059, 429, 4, 0.15%, 0, 0, 10, 73.81, 375150, 12414
4858, 0, 243, 1059, 428, 3, 0.15%, 0, 0, 10, 94.30, 375584, 12414
4863, 0, 243, 1059, 428, 3, 0.15%, 0, 0, 10, 85.39, 376030, 12414
4868, 0, 21, 1059, 428, 3, 0.15%, 0, 0, 10, 108.23, 376615, 12414
4873, 0, 303, 1059, 428, 3, 0.15%, 0, 0, 10, 88.39, 377048, 12414
4878, 0, 1013, 1060, 429, 3, 0.15%, 0, 0, 10, 123.55, 377409, 12414
4884, 0, 1013, 1060, 429, 3, 0.15%, 0, 0, 10, 85.80, 377778, 12414
4889, 0, 655, 1060, 429, 3, 0.15%, 0, 0, 10, 104.07, 378198, 12414
4894, 0, 655, 1060, 429, 3, 0.15%, 0, 0, 10, 95.96, 378682, 12414
4899, 0, 323, 1060, 429, 3, 0.15%, 0, 0, 10, 77.51, 379086, 12414
4904, 0, 323, 1060, 429, 3, 0.15%, 0, 0, 10, 94.29, 379568, 12414
4909, 0, 323, 1060, 429, 3, 0.15%, 0, 0, 10, 144.19, 380022, 12414
4915, 0, 539, 1060, 429, 3, 0.15%, 0, 0, 10, 105.23, 380491, 12414
4920, 0, 213, 1060, 429, 3, 0.15%, 0, 0, 10, 19.42, 380869, 12414
4925, 0, 213, 1060, 429, 3, 0.15%, 0, 0, 10, 19.09, 380956, 12414
4930, 0, 213, 1060, 429, 3, 0.15%, 0, 0, 10, 18.88, 381046, 12414
4935, 0, 217, 1060, 428, 2, 0.15%, 0, 0, 10, 116.76, 381380, 12414
4940, 0, 648, 1060, 428, 2, 0.15%, 0, 0, 10, 64.95, 381785, 12414
4945, 0, 901, 1062, 430, 2, 0.15%, 0, 0, 10, 17.96, 382195, 12415
4950, 0, 995, 1062, 429, 3, 0.15%, 0, 0, 10, 107.65, 382564, 12415
4955, 0, 995, 1063, 430, 3, 0.15%, 0, 0, 10, 106.35, 383074, 12415
4961, 0, 995, 1063, 430, 3, 0.15%, 0, 0, 10, 67.20, 383544, 12415
4966, 0, 995, 1063, 430, 3, 0.15%, 0, 0, 10, 93.37, 384027, 12415
4971, 0, 995, 1063, 430, 3, 0.15%, 0, 0, 10, 96.24, 384497, 12415
4976, 0, 995, 1063, 430, 3, 0.15%, 0, 0, 10, 94.01, 384954, 12415
4981, 0, 995, 1063, 430, 3, 0.15%, 0, 0, 10, 106.48, 385480, 12415
4986, 0, 995, 1063, 430, 3, 0.15%, 0, 0, 10, 76.70, 385832, 12415
4991, 0, 995, 1063, 430, 3, 0.15%, 0, 0, 10, 87.14, 386298, 12415
4996, 0, 995, 1063, 430, 3, 0.15%, 0, 0, 10, 107.71, 386818, 12415
5001, 0, 995, 1063, 430, 3, 0.15%, 0, 0, 10, 104.85, 387350, 12415
5006, 0, 609, 1063, 430, 3, 0.15%, 0, 0, 10, 106.16, 387846, 12415
5012, 0, 609, 1063, 430, 3, 0.15%, 0, 0, 10, 73.12, 388405, 12415
5017, 0, 293, 1063, 430, 3, 0.15%, 0, 0, 10, 103.67, 388961, 12415
5022, 0, 736, 1063, 430, 3, 0.15%, 0, 0, 10, 24.24, 389479, 12415
5027, 0, 736, 1063, 430, 3, 0.15%, 0, 0, 10, 19.08, 389578, 12415
5032, 0, 234, 1063, 429, 2, 0.15%, 0, 0, 10, 136.05, 389809, 12415
5037, 0, 534, 1063, 429, 2, 0.15%, 0, 0, 10, 113.68, 390242, 12415
5043, 0, 372, 1063, 429, 2, 0.15%, 0, 0, 10, 121.17, 390735, 12415
5048, 0, 394, 1063, 429, 2, 0.15%, 0, 0, 10, 104.45, 391245, 12415
5053, 0, 607, 1063, 429, 2, 0.15%, 0, 0, 10, 109.82, 391776, 12415
5058, 0, 607, 1063, 429, 2, 0.15%, 0, 0, 10, 105.18, 392271, 12415
5063, 0, 192, 1063, 429, 2, 0.15%, 0, 0, 10, 121.56, 392771, 12415
5068, 0, 192, 1063, 429, 2, 0.15%, 0, 0, 10, 134.13, 393241, 12415
5073, 0, 50, 1063, 429, 2, 0.15%, 0, 0, 10, 100.14, 393693, 12415
5078, 0, 50, 1064, 430, 2, 0.15%, 0, 0, 10, 107.01, 394197, 12416
5083, 0, 50, 1064, 430, 2, 0.15%, 0, 0, 10, 97.31, 394671, 12416
5089, 0, 50, 1064, 430, 2, 0.15%, 0, 0, 10, 86.64, 395066, 12416
5094, 0, 1013, 1064, 430, 2, 0.15%, 0, 0, 10, 79.97, 395464, 12416
5099, 0, 755, 1064, 430, 2, 0.15%, 0, 0, 10, 17.44, 395822, 12416
5104, 0, 31, 1064, 430, 2, 0.15%, 0, 0, 10, 67.57, 396253, 12416
5109, 0, 755, 1064, 430, 2, 0.15%, 0, 0, 10, 81.38, 396663, 12416
5114, 0, 918, 1064, 430, 2, 0.15%, 0, 0, 10, 77.98, 397063, 12416
5119, 0, 31, 1064, 430, 2, 0.15%, 0, 0, 10, 17.26, 397437, 12416
5125, 0, 343, 1064, 430, 2, 0.15%, 0, 0, 10, 112.52, 397820, 12416
5130, 0, 476, 1065, 431, 2, 0.15%, 0, 0, 10, 89.49, 398277, 12416
5135, 0, 31, 1065, 431, 2, 0.15%, 0, 0, 10, 116.07, 398630, 12416
5140, 0, 429, 1065, 431, 2, 0.15%, 0, 0, 10, 96.67, 399100, 12416
5145, 0, 429, 1065, 431, 2, 0.15%, 0, 0, 10, 94.57, 399600, 12416
5150, 0, 1041, 1065, 431, 2, 0.15%, 0, 0, 10, 17.73, 400013, 12416
5155, 0, 1041, 1065, 431, 2, 0.15%, 0, 0, 10, 22.42, 400127, 12416
5161, 0, 703, 1065, 430, 1, 0.15%, 0, 0, 10, 141.95, 400318, 12416
5166, 0, 453, 1065, 430, 1, 0.15%, 0, 0, 10, 79.61, 400717, 12416
5171, 0, 453, 1065, 430, 1, 0.15%, 0, 0, 10, 81.38, 401053, 12416
5176, 0, 453, 1065, 430, 1, 0.15%, 0, 0, 10, 90.44, 401475, 12416
5181, 0, 79, 1065, 430, 1, 0.15%, 0, 0, 10, 93.36, 401912, 12416
5186, 0, 303, 1065, 430, 1, 0.15%, 0, 0, 10, 101.48, 402298, 12416
5191, 0, 703, 1065, 430, 1, 0.15%, 0, 0, 10, 8.33, 402872, 12416
5196, 0, 204, 1065, 430, 1, 0.15%, 0, 0, 10, 28.14, 403028, 12416
5201, 0, 729, 1065, 430, 1, 0.15%, 0, 0, 10, 61.62, 403314, 12416
5206, 0, 729, 1066, 431, 1, 0.15%, 0, 0, 10, 88.35, 403784, 12421
5213, 0, 739, 1066, 431, 2, 0.15%, 0, 0, 10, 17.82, 404279, 12421
5218, 0, 450, 1066, 431, 2, 0.15%, 0, 0, 10, 32.70, 404715, 12421
5223, 0, 313, 1066, 431, 2, 0.15%, 0, 0, 10, 81.77, 405178, 12421
5229, 0, 670, 1067, 432, 2, 0.15%, 0, 0, 10, 110.35, 405768, 12426
5234, 0, 670, 1067, 432, 2, 0.15%, 0, 0, 10, 50.19, 406132, 12426
5239, 0, 135, 1067, 432, 3, 0.15%, 0, 0, 10, 79.88, 406520, 12426
5244, 0, 623, 1068, 433, 3, 0.15%, 0, 0, 10, 43.70, 406852, 12426
5249, 0, 623, 1068, 433, 3, 0.15%, 0, 0, 10, 13.98, 407326, 12426
5255, 0, 429, 1068, 433, 3, 0.15%, 0, 0, 10, 114.40, 407759, 12426
5260, 0, 429, 1068, 433, 3, 0.15%, 0, 0, 10, 127.03, 408240, 12426
5265, 0, 163, 1069, 434, 3, 0.15%, 0, 0, 10, 102.93, 408703, 12426
5270, 0, 163, 1069, 434, 3, 0.15%, 0, 0, 10, 75.61, 409097, 12426
5275, 0, 163, 1069, 434, 3, 0.15%, 0, 0, 10, 78.03, 409470, 12426
5280, 0, 163, 1069, 434, 3, 0.15%, 0, 0, 10, 103.37, 409813, 12426
5285, 0, 726, 1069, 434, 4, 0.15%, 0, 0, 10, 93.78, 410206, 12426
5290, 0, 31, 1069, 433, 3, 0.15%, 0, 0, 10, 11.95, 410651, 12426
5295, 0, 1066, 1069, 432, 3, 0.15%, 0, 0, 10, 99.34, 411160, 12426
5300, 0, 263, 1069, 431, 2, 0.15%, 0, 0, 10, 94.32, 411637, 12426
5306, 0, 31, 1069, 431, 2, 0.15%, 0, 0, 10, 15.44, 412002, 12426
5311, 0, 625, 1069, 431, 2, 0.15%, 0, 0, 10, 77.70, 412438, 12426
5316, 0, 625, 1069, 431, 2, 0.15%, 0, 0, 10, 137.82, 412753, 12426
5321, 0, 918, 1069, 431, 2, 0.15%, 0, 0, 10, 93.59, 413139, 12426
5326, 0, 838, 1071, 433, 2, 0.15%, 0, 0, 10, 99.60, 413624, 12436
5331, 0, 838, 1072, 434, 2, 0.15%, 0, 0, 10, 112.59, 414200, 12436
5337, 0, 838, 1072, 434, 2, 0.15%, 0, 0, 10, 105.12, 414722, 12436
5342, 0, 838, 1073, 435, 2, 0.15%, 0, 0, 10, 105.84, 415222, 12438
5347, 0, 838, 1073, 435, 2, 0.15%, 0, 0, 10, 99.41, 415697, 12438
5352, 0, 838, 1073, 435, 2, 0.15%, 0, 0, 10, 91.37, 416154, 12438
5357, 0, 838, 1073, 435, 2, 0.15%, 0, 0, 10, 76.86, 416532, 12438
5362, 0, 838, 1073, 435, 2, 0.15%, 0, 0, 10, 142.86, 417051, 12438
5367, 0, 838, 1073, 435, 2, 0.15%, 0, 0, 10, 138.64, 417624, 12438
5372, 0, 838, 1073, 435, 2, 0.15%, 0, 0, 10, 113.58, 418126, 12438
5378, 0, 838, 1074, 436, 2, 0.15%, 0, 0, 10, 90.50, 418545, 12438
5383, 0, 838, 1074, 436, 2, 0.15%, 0, 0, 10, 113.69, 419136, 12438
5388, 0, 838, 1074, 436, 2, 0.15%, 0, 0, 10, 107.84, 419640, 12438
5393, 0, 615, 1074, 436, 5, 0.15%, 0, 0, 10, 137.93, 419984, 12438
5398, 0, 1060, 1075, 437, 5, 0.15%, 0, 0, 10, 106.19, 420501, 12451
5403, 0, 957, 1075, 436, 4, 0.15%, 0, 0, 10, 116.55, 420803, 12451
5408, 0, 139, 1075, 436, 4, 0.15%, 0, 0, 10, 87.07, 421208, 12451
5413, 0, 394, 1075, 436, 4, 0.15%, 0, 0, 10, 84.65, 421650, 12451
5418, 0, 103, 1075, 435, 3, 0.15%, 0, 0, 10, 128.80, 422006, 12451
5424, 0, 323, 1076, 435, 3, 0.15%, 0, 0, 10, 91.41, 422406, 12451
5429, 0, 323, 1076, 435, 3, 0.15%, 0, 0, 10, 107.37, 422903, 12451
5434, 0, 151, 1076, 435, 3, 0.15%, 0, 0, 10, 105.05, 423411, 12451
5439, 0, 151, 1076, 435, 3, 0.15%, 0, 0, 10, 81.60, 423861, 12451
5444, 0, 381, 1076, 435, 3, 0.15%, 0, 0, 10, 96.65, 424340, 12451
5449, 0, 1071, 1077, 436, 3, 0.15%, 0, 0, 10, 106.19, 424909, 12451
5454, 0, 755, 1077, 435, 2, 0.15%, 0, 0, 10, 85.33, 425321, 12451
5460, 0, 50, 1077, 435, 2, 0.15%, 0, 0, 10, 94.51, 425762, 12451
5465, 0, 50, 1077, 435, 2, 0.15%, 0, 0, 10, 102.91, 426307, 12451
5470, 0, 50, 1077, 435, 2, 0.15%, 0, 0, 10, 92.84, 426757, 12451
5475, 0, 243, 1077, 434, 2, 0.15%, 0, 0, 10, 87.78, 427175, 12451
5480, 0, 755, 1077, 434, 2, 0.15%, 0, 0, 10, 82.98, 427607, 12451
5485, 0, 163, 1077, 434, 2, 0.15%, 0, 0, 10, 82.27, 428006, 12451
5490, 0, 163, 1077, 434, 2, 0.15%, 0, 0, 10, 73.07, 428386, 12451
5496, 0, 1072, 1078, 435, 2, 0.15%, 0, 0, 10, 89.79, 428798, 12451
5501, 0, 1026, 1078, 434, 2, 0.15%, 0, 0, 10, 48.94, 429118, 12451
5506, 0, 1026, 1078, 434, 2, 0.15%, 0, 0, 10, 74.63, 429526, 12451
5511, 0, 918, 1078, 434, 2, 0.15%, 0, 0, 10, 122.61, 430017, 12451
5516, 0, 331, 1078, 434, 2, 0.15%, 0, 0, 10, 106.10, 430543, 12451
5521, 0, 331, 1078, 434, 2, 0.15%, 0, 0, 10, 137.13, 430901, 12451
5526, 0, 331, 1078, 434, 2, 0.15%, 0, 0, 10, 130.63, 431361, 12451
5531, 0, 331, 1078, 434, 2, 0.15%, 0, 0, 10, 124.97, 431779, 12451
5536, 0, 1013, 1078, 434, 2, 0.15%, 0, 0, 10, 99.13, 432243, 12451
5542, 0, 301, 1078, 434, 2, 0.15%, 0, 0, 10, 69.59, 432695, 12451
5547, 0, 301, 1078, 434, 2, 0.15%, 0, 0, 10, 75.87, 433061, 12451
5552, 0, 301, 1078, 434, 2, 0.15%, 0, 0, 10, 90.87, 433519, 12451
5557, 0, 703, 1078, 434, 2, 0.15%, 0, 0, 10, 82.31, 433942, 12451
5562, 0, 50, 1078, 434, 2, 0.15%, 0, 0, 10, 114.47, 434328, 12451
5567, 0, 50, 1078, 434, 2, 0.15%, 0, 0, 10, 103.00, 434854, 12451
5572, 0, 161, 1079, 435, 2, 0.15%, 0, 0, 10, 99.11, 435320, 12453
5577, 0, 161, 1080, 436, 2, 0.15%, 0, 0, 10, 83.55, 435751, 12453
5582, 0, 88, 1080, 436, 3, 0.15%, 0, 0, 10, 98.42, 436140, 12453
5588, 0, 88, 1080, 436, 3, 0.15%, 0, 0, 10, 96.07, 436568, 12453
5594, 0, 98, 1080, 435, 2, 0.15%, 0, 0, 10, 5.98, 437036, 12453
5599, 0, 98, 1080, 435, 2, 0.15%, 0, 0, 10, 105.15, 437559, 12453
5604, 0, 1079, 1080, 435, 2, 0.15%, 0, 0, 10, 117.43, 438147, 12453
5609, 0, 1079, 1080, 435, 2, 0.15%, 0, 0, 10, 53.99, 438545, 12453
5614, 0, 1079, 1080, 435, 2, 0.15%, 0, 0, 10, 84.93, 439034, 12453
5619, 0, 848, 1080, 435, 2, 0.15%, 0, 0, 10, 85.71, 439438, 12453
5625, 0, 848, 1080, 435, 2, 0.15%, 0, 0, 10, 86.30, 439840, 12453
5630, 0, 848, 1080, 435, 2, 0.15%, 0, 0, 10, 83.93, 440281, 12453
5635, 0, 381, 1080, 435, 2, 0.15%, 0, 0, 10, 90.46, 440740, 12453
5640, 0, 189, 1080, 435, 2, 0.15%, 0, 0, 10, 100.28, 441252, 12453
5645, 0, 189, 1080, 435, 2, 0.15%, 0, 0, 10, 78.51, 441692, 12453
5650, 0, 189, 1080, 435, 2, 0.15%, 0, 0, 10, 89.67, 442204, 12453
5655, 0, 87, 1080, 435, 2, 0.15%, 0, 0, 10, 134.90, 442610, 12453
5661, 0, 87, 1080, 435, 2, 0.15%, 0, 0, 10, 100.15, 443068, 12453
5666, 0, 87, 1080, 435, 2, 0.15%, 0, 0, 10, 106.96, 443592, 12453
5671, 0, 1080, 1081, 436, 3, 0.15%, 0, 0, 10, 8.77, 444084, 12455
5676, 0, 616, 1081, 435, 2, 0.15%, 0, 0, 10, 83.62, 444560, 12455
5682, 0, 616, 1082, 436, 2, 0.15%, 0, 0, 10, 88.75, 445012, 12456
5687, 0, 706, 1082, 436, 3, 0.15%, 0, 0, 10, 73.07, 445329, 12456
5692, 0, 450, 1082, 436, 3, 0.15%, 0, 0, 10, 13.70, 445728, 12456
5697, 0, 529, 1082, 436, 3, 0.15%, 0, 0, 10, 11.21, 446149, 12456
5702, 0, 529, 1082, 436, 3, 0.15%, 0, 0, 10, 94.86, 446629, 12456
5707, 0, 529, 1082, 436, 3, 0.15%, 0, 0, 10, 75.16, 447048, 12456
5712, 0, 755, 1083, 437, 3, 0.15%, 0, 0, 10, 87.44, 447519, 12456
5717, 0, 685, 1083, 437, 3, 0.15%, 0, 0, 10, 83.00, 447889, 12456
5723, 0, 685, 1083, 437, 3, 0.15%, 0, 0, 10, 78.85, 448316, 12456
5728, 0, 1068, 1083, 437, 3, 0.15%, 0, 0, 10, 127.60, 448757, 12456
5733, 0, 1068, 1083, 437, 3, 0.15%, 0, 0, 10, 102.48, 449239, 12456
5738, 0, 602, 1083, 437, 3, 0.15%, 0, 0, 10, 141.21, 449691, 12456
5743, 0, 602, 1083, 437, 3, 0.15%, 0, 0, 10, 120.44, 450252, 12456
5748, 0, 401, 1083, 437, 3, 0.15%, 0, 0, 10, 120.48, 450679, 12456
5754, 0, 1077, 1087, 441, 3, 0.15%, 0, 0, 10, 83.84, 451046, 12456
5759, 0, 1077, 1087, 441, 3, 0.15%, 0, 0, 10, 88.80, 451501, 12456
5764, 0, 1077, 1090, 444, 3, 0.15%, 0, 0, 10, 83.58, 451903, 12458
5769, 0, 1077, 1090, 444, 3, 0.15%, 0, 0, 10, 86.94, 452304, 12458
5774, 0, 1077, 1091, 445, 3, 0.15%, 0, 0, 10, 94.33, 452785, 12458
5779, 0, 1077, 1091, 445, 3, 0.15%, 0, 0, 10, 66.24, 453179, 12458
5784, 0, 1077, 1091, 445, 3, 0.15%, 0, 0, 10, 79.63, 453610, 12458
5789, 0, 1077, 1091, 445, 3, 0.15%, 0, 0, 10, 91.67, 454077, 12458
5795, 0, 1077, 1091, 445, 3, 0.15%, 0, 0, 10, 106.76, 454626, 12458
5800, 0, 1077, 1091, 445, 3, 0.15%, 0, 0, 10, 103.17, 455100, 12458
5805, 0, 1077, 1091, 445, 3, 0.15%, 0, 0, 10, 87.97, 455527, 12458
5810, 0, 1084, 1091, 444, 6, 0.15%, 0, 0, 10, 18.82, 455916, 12458
5815, 0, 1084, 1091, 444, 6, 0.15%, 0, 0, 10, 119.05, 456472, 12458
5820, 0, 1013, 1091, 443, 5, 0.15%, 0, 0, 10, 98.05, 456752, 12458
5825, 0, 654, 1091, 443, 5, 0.15%, 0, 0, 10, 105.17, 457131, 12458
5830, 0, 31, 1091, 443, 5, 0.15%, 0, 0, 10, 32.97, 457411, 12458
5836, 0, 1087, 1091, 443, 5, 0.15%, 0, 0, 10, 75.40, 457825, 12458
5841, 0, 161, 1092, 443, 4, 0.15%, 0, 0, 10, 69.44, 458173, 12458
5846, 0, 437, 1092, 443, 4, 0.15%, 0, 0, 10, 111.99, 458642, 12458
5851, 0, 591, 1092, 443, 4, 0.15%, 0, 0, 10, 108.63, 459155, 12458
5856, 0, 290, 1092, 443, 4, 0.15%, 0, 0, 10, 76.69, 459526, 12458
5861, 0, 950, 1092, 443, 4, 0.15%, 0, 0, 10, 86.03, 459965, 12458
5866, 0, 950, 1092, 443, 4, 0.15%, 0, 0, 10, 140.88, 460356, 12458
5872, 0, 378, 1092, 443, 4, 0.15%, 0, 0, 10, 121.52, 460935, 12458
5877, 0, 378, 1092, 443, 4, 0.15%, 0, 0, 10, 96.37, 461397, 12458
5882, 0, 614, 1092, 443, 4, 0.15%, 0, 0, 10, 144.28, 461832, 12458
5887, 0, 614, 1092, 443, 4, 0.15%, 0, 0, 10, 111.20, 462350, 12458
5892, 0, 1081, 1092, 443, 4, 0.15%, 0, 0, 10, 69.02, 462733, 12458
5897, 0, 171, 1092, 441, 3, 0.15%, 0, 0, 10, 73.62, 463096, 12458
5902, 0, 515, 1092, 441, 3, 0.15%, 0, 0, 10, 117.50, 463480, 12458
5907, 0, 612, 1092, 441, 3, 0.15%, 0, 0, 10, 8.13, 463881, 12458
5912, 0, 55, 1092, 441, 3, 0.15%, 0, 0, 10, 70.95, 464299, 12458
5917, 0, 389, 1092, 441, 3, 0.15%, 0, 0, 10, 85.47, 464747, 12458
5923, 0, 389, 1092, 441, 3, 0.15%, 0, 0, 10, 92.76, 465226, 12458
5928, 0, 460, 1092, 441, 3, 0.15%, 0, 0, 10, 101.91, 465726, 12458
5933, 0, 1028, 1092, 441, 3, 0.15%, 0, 0, 10, 85.14, 466180, 12458
5938, 0, 1028, 1092, 441, 3, 0.15%, 0, 0, 10, 25.57, 466319, 12458
5943, 0, 239, 1092, 441, 3, 0.15%, 0, 0, 10, 83.71, 466740, 12458
5948, 0, 239, 1092, 441, 3, 0.15%, 0, 0, 10, 89.09, 467127, 12458
5953, 0, 972, 1093, 442, 3, 0.15%, 0, 0, 10, 91.34, 467569, 12458
5958, 0, 972, 1093, 442, 3, 0.15%, 0, 0, 10, 56.78, 468017, 12458
5963, 0, 918, 1093, 442, 3, 0.15%, 0, 0, 10, 63.13, 468327, 12458
5968, 0, 950, 1094, 443, 3, 0.15%, 0, 0, 10, 85.82, 468811, 12458
5973, 0, 950, 1095, 444, 3, 0.15%, 0, 0, 10, 84.00, 469217, 12472
5978, 0, 1093, 1095, 444, 5, 0.15%, 0, 0, 10, 140.78, 469609, 12472
5983, 0, 1093, 1095, 444, 5, 0.15%, 0, 0, 10, 106.22, 470087, 12472
5989, 0, 950, 1095, 443, 4, 0.15%, 0, 0, 10, 16.52, 470588, 12472
5994, 0, 950, 1095, 443, 4, 0.15%, 0, 0, 10, 38.73, 470920, 12472
5999, 0, 726, 1095, 443, 4, 0.15%, 0, 0, 10, 81.82, 471413, 12472
6004, 0, 1090, 1097, 445, 4, 0.15%, 0, 0, 10, 79.25, 471783, 12472
6009, 0, 1090, 1097, 445, 4, 0.15%, 0, 0, 10, 108.66, 472346, 12472
6015, 0, 1095, 1097, 444, 4, 0.15%, 0, 0, 10, 82.39, 472692, 12472
6020, 0, 1070, 1098, 444, 3, 0.15%, 0, 0, 10, 95.68, 473174, 12472
6025, 0, 331, 1098, 443, 2, 0.15%, 0, 0, 10, 98.28, 473671, 12472
6030, 0, 331, 1098, 443, 2, 0.15%, 0, 0, 10, 71.37, 473983, 12472
6035, 0, 280, 1098, 443, 2, 0.15%, 0, 0, 10, 88.05, 474444, 12472
6040, 0, 280, 1098, 443, 2, 0.15%, 0, 0, 10, 81.15, 474765, 12472
6045, 0, 280, 1098, 443, 2, 0.15%, 0, 0, 10, 131.41, 474959, 12472
6050, 0, 280, 1098, 443, 2, 0.15%, 0, 0, 10, 127.97, 475487, 12472
6055, 0, 31, 1098, 443, 2, 0.15%, 0, 0, 10, 114.51, 475972, 12472
6060, 0, 918, 1098, 443, 2, 0.15%, 0, 0, 10, 71.55, 476260, 12472
6065, 0, 667, 1098, 443, 2, 0.15%, 0, 0, 10, 84.88, 476712, 12472
6070, 0, 667, 1098, 443, 2, 0.15%, 0, 0, 10, 11.74, 477217, 12472
6076, 0, 331, 1099, 444, 2, 0.15%, 0, 0, 10, 105.67, 477696, 12472
6081, 0, 331, 1099, 444, 2, 0.15%, 0, 0, 10, 64.94, 478115, 12472
6086, 0, 1088, 1101, 446, 2, 0.15%, 0, 0, 10, 90.67, 478579, 12479
6091, 0, 896, 1101, 445, 2, 0.15%, 0, 0, 10, 73.59, 478962, 12479
6096, 0, 600, 1101, 445, 2, 0.15%, 0, 0, 10, 72.04, 479413, 12479
6101, 0, 372, 1101, 445, 2, 0.15%, 0, 0, 10, 96.10, 479924, 12479
6106, 0, 965, 1101, 445, 2, 0.15%, 0, 0, 10, 110.49, 480466, 12479
6111, 0, 965, 1101, 445, 2, 0.15%, 0, 0, 10, 94.93, 480915, 12479
6116, 0, 1013, 1101, 445, 2, 0.15%, 0, 0, 10, 97.05, 481373, 12479
6122, 0, 523, 1102, 446, 2, 0.15%, 0, 0, 10, 91.05, 481798, 12479
6127, 0, 523, 1104, 448, 2, 0.15%, 0, 0, 10, 102.60, 482290, 12479
6132, 0, 523, 1104, 448, 2, 0.15%, 0, 0, 10, 110.03, 482849, 12479
6137, 0, 523, 1104, 448, 2, 0.15%, 0, 0, 10, 108.91, 483391, 12479
6142, 0, 523, 1104, 448, 2, 0.15%, 0, 0, 10, 110.87, 483941, 12479
6147, 0, 523, 1104, 448, 2, 0.15%, 0, 0, 10, 112.71, 484509, 12479
6152, 0, 523, 1104, 448, 2, 0.15%, 0, 0, 10, 120.14, 485127, 12479
6158, 0, 523, 1104, 448, 2, 0.15%, 0, 0, 10, 109.92, 485585, 12479
6163, 0, 523, 1104, 448, 2, 0.15%, 0, 0, 10, 100.95, 486093, 12479
6168, 0, 1102, 1104, 448, 3, 0.15%, 0, 0, 10, 24.05, 486435, 12479
6173, 0, 409, 1105, 448, 2, 0.15%, 0, 0, 10, 124.57, 486866, 12482
6178, 0, 409, 1105, 448, 2, 0.15%, 0, 0, 10, 102.94, 487366, 12482
6183, 0, 409, 1105, 448, 2, 0.15%, 0, 0, 10, 107.19, 487854, 12482
6188, 0, 125, 1105, 448, 3, 0.15%, 0, 0, 10, 92.12, 488252, 12482
6193, 0, 125, 1105, 448, 3, 0.15%, 0, 0, 10, 116.11, 488747, 12482
6198, 0, 736, 1105, 448, 3, 0.15%, 1, 0, 10, 91.12, 489167, 12482
